0.0     0.0
0.005     0.00783649141997
0.01     0.0154697566971
0.015     0.0229742668289
0.02     0.0303598450435
0.025     0.0376329361354
0.03     0.0447983452673
0.035     0.0518601292121
0.04     0.0588689571917
0.045     0.0657324315751
0.05     0.072501225544
0.055     0.0791778142259
0.06     0.0858091914945
0.065     0.0923069386657
0.07     0.098761784545
0.075     0.105087715989
0.08     0.111372802488
0.085     0.117532687469
0.09     0.123653279124
0.095     0.129652066844
0.1     0.135612372278
0.105     0.141493646932
0.11     0.147257671577
0.115     0.152984030806
0.12     0.15863349722
0.125     0.164206868473
0.13     0.169704605594
0.135     0.175090166452
0.14     0.180437805228
0.145     0.185710627992
0.15     0.19090884782
0.155     0.196032164391
0.16     0.201081234368
0.165     0.206056028068
0.17     0.21095664982
0.175     0.215782822168
0.18     0.220534505666
0.185     0.225211456785
0.19     0.229813455634
0.195     0.234371100083
0.2     0.238822390953
0.205     0.2431986007
0.21     0.247499072405
0.215     0.251752367285
0.22     0.255900172344
0.225     0.259971279354
0.23     0.263966136726
0.235     0.267910021681
0.24     0.271749810887
0.245     0.275512154866
0.25     0.279221421418
0.255     0.282827169814
0.26     0.286378659799
0.265     0.289826775506
0.27     0.293219151451
0.275     0.296509611663
0.28     0.299742629417
0.285     0.302874302244
0.29     0.305947556133
0.295     0.30891997487
0.3     0.3118327649
0.305     0.314646698699
0.31     0.317399777398
0.315     0.320073315481
0.32     0.322649721645
0.325     0.325164022688
0.33     0.327598904619
0.335     0.329939640341
0.34     0.33221811463
0.345     0.334418947736
0.35     0.336527815501
0.355     0.338574056499
0.36     0.340544412086
0.365     0.34243912809
0.37     0.344247703079
0.375     0.345994620073
0.38     0.347668414646
0.385     0.349269999858
0.39     0.35079004643
0.395     0.352251269156
0.4     0.353643713872
0.405     0.354967884782
0.41     0.356225746309
0.415     0.357409703255
0.42     0.358538121233
0.425     0.359604105177
0.43     0.360608319377
0.435     0.361552325864
0.44     0.362431308679
0.445     0.363258963965
0.45     0.364031483127
0.455     0.3647496475
0.46     0.365414914422
0.465     0.366028179048
0.47     0.366587444658
0.475     0.36710299459
0.48     0.367571628951
0.485     0.367994981723
0.49     0.368374438463
0.495     0.368711148639
0.5     0.369005358508
0.505     0.369262696859
0.51     0.369481910894
0.515     0.369664627135
0.52     0.369812204943
0.525     0.36992550476
0.53     0.370007863404
0.535     0.370059577842
0.54     0.370081205118
0.545     0.370074531902
0.55     0.37004130419
0.555     0.369982526498
0.56     0.369899186626
0.565     0.369792667057
0.57     0.369663899563
0.575     0.369514581443
0.58     0.369344808177
0.585     0.36915617386
0.59     0.368949462732
0.595     0.368727779339
0.6     0.368489022263
0.605     0.368234358136
0.61     0.367965349859
0.615     0.367685518996
0.62     0.367391869426
0.625     0.367086724653
0.63     0.36677262162
0.635     0.366445987545
0.64     0.366109921634
0.645     0.365767370697
0.65     0.365415192861
0.655     0.365055780547
0.66     0.364691562808
0.665     0.364318233392
0.67     0.363939166258
0.675     0.363558409637
0.68     0.363170157283
0.685     0.362777034866
0.69     0.362383491241
0.695     0.361984319996
0.7     0.36158448803
0.705     0.36117919845
0.71     0.360772191315
0.715     0.360367295487
0.72     0.359958190057
0.725     0.359549944599
0.73     0.359137768028
0.735     0.358729242662
0.74     0.358318389497
0.745     0.357909652378
0.75     0.357498210245
0.755     0.35708811296
0.76     0.356682100971
0.765     0.35627437526
0.77     0.355870330116
0.775     0.355465612845
0.78     0.355065629022
0.785     0.354664661589
0.79     0.354267816609
0.795     0.353870736646
0.8     0.353479655697
0.805     0.353091735245
0.81     0.352703250462
0.815     0.352319135415
0.82     0.351935390171
0.825     0.351558416112
0.83     0.351182498176
0.835     0.350812163477
0.84     0.350444518686
0.845     0.350078103957
0.85     0.349718212311
0.855     0.349359225789
0.86     0.349005937851
0.865     0.348656374516
0.87     0.348309534562
0.875     0.347969332241
0.88     0.347629999471
0.885     0.347295744765
0.89     0.34696537522
0.895     0.346638692976
0.9     0.346318874958
0.905     0.346002943014
0.91     0.345687047671
0.915     0.345377888476
0.92     0.345074027675
0.925     0.344772889462
0.93     0.344477673448
0.935     0.344185478322
0.94     0.343895838753
0.945     0.343612741946
0.95     0.343335027086
0.955     0.343059420751
0.96     0.34278811746
0.965     0.342521970727
0.97     0.342261027593
0.975     0.342002897829
0.98     0.341750340187
0.985     0.341500591465
0.99     0.341255479898
0.995     0.341013751082
1.0     0.340779215508
1.005     0.340548164553
1.01     0.340318907742
1.015     0.340092931971
1.02     0.339874368684
1.025     0.339660512018
1.03     0.339449827252
1.035     0.339241932807
1.04     0.33903586379
1.045     0.338836632101
1.05     0.338643507404
1.055     0.338453779996
1.06     0.338264628796
1.065     0.338079928121
1.07     0.33790022224
1.075     0.337725761396
1.08     0.337554898045
1.085     0.337387093697
1.09     0.337220565867
1.095     0.337059157706
1.1     0.336902747105
1.105     0.336750276215
1.11     0.336600590607
1.115     0.336452012071
1.12     0.336308763947
1.125     0.336170472571
1.13     0.336035007876
1.135     0.335902101974
1.14     0.335770877185
1.145     0.335644071689
1.15     0.335521982095
1.155     0.335403330119
1.16     0.335287737459
1.165     0.335173250296
1.17     0.335060273634
1.175     0.334952772034
1.18     0.33484996004
1.185     0.334749148884
1.19     0.33465107025
1.195     0.334552698515
1.2     0.334457677886
1.205     0.334368210842
1.21     0.334281838886
1.215     0.334198146802
1.22     0.334113706488
1.225     0.334031312271
1.23     0.333954013797
1.235     0.33387945922
1.24     0.333807446054
1.245     0.333736752725
1.25     0.333666687794
1.255     0.333598894868
1.26     0.333535576715
1.265     0.333474374998
1.27     0.333415229278
1.275     0.333355694161
1.28     0.3332979904
1.285     0.333243895617
1.29     0.333191824182
1.295     0.33314186937
1.3     0.333091986536
1.305     0.333042805592
1.31     0.332997193453
1.315     0.332953687757
1.32     0.332911441399
1.325     0.332870659167
1.33     0.332827815686
1.335     0.332788976506
1.34     0.332751965776
1.345     0.332716154468
1.35     0.332681976163
1.355     0.332646227467
1.36     0.332611933654
1.365     0.332580384173
1.37     0.33254978172
1.375     0.332519758499
1.38     0.332490044402
1.385     0.332460215976
1.39     0.332432128619
1.395     0.332404458159
1.4     0.332379070596
1.405     0.332354074487
1.41     0.33232596126
1.415     0.332299793998
1.42     0.332276150829
1.425     0.332252839117
1.43     0.332228637631
1.435     0.33220401233
1.44     0.332178740872
1.445     0.332156213189
1.45     0.332132568051
1.455     0.332109822446
1.46     0.332087559042
1.465     0.332062393362
1.47     0.332037223016
1.475     0.332013794869
1.48     0.331991090592
1.485     0.331968717149
1.49     0.331942501567
1.495     0.331916284336
1.5     0.331890476736
1.505     0.331865489898
1.51     0.331840873902
1.515     0.331814340044
1.52     0.331785799085
1.525     0.33175524955
1.53     0.331726886156
1.535     0.331699669001
1.54     0.331672008465
1.545     0.33163847896
1.55     0.331605117332
1.555     0.331571495942
1.56     0.331538914335
1.565     0.331506523107
1.57     0.331471045694
1.575     0.331433927479
1.58     0.331395522769
1.585     0.331357185959
1.59     0.331317627591
1.595     0.331279256265
1.6     0.331237284995
1.605     0.3311947052
1.61     0.331149719364
1.615     0.331102697953
1.62     0.331058247917
1.625     0.331011725874
1.63     0.330962983908
1.635     0.33091159336
1.64     0.330859281645
1.645     0.330805610015
1.65     0.330753084794
1.655     0.330696580918
1.66     0.330638912481
1.665     0.330580387546
1.67     0.330519619343
1.675     0.330457257708
1.68     0.33039467024
1.685     0.330331374401
1.69     0.330264911242
1.695     0.330196964122
1.7     0.330126904522
1.705     0.330057268929
1.71     0.329985775344
1.715     0.329912767967
1.72     0.329836989793
1.725     0.329761638928
1.73     0.329683274037
1.735     0.329604189815
1.74     0.329524609172
1.745     0.329442751632
1.75     0.329359714661
1.755     0.329274692408
1.76     0.329186761457
1.765     0.329098749018
1.77     0.329009402545
1.775     0.328919699115
1.78     0.32882656262
1.785     0.328730635046
1.79     0.328632983255
1.795     0.328535932975
1.8     0.328438389799
1.805     0.328339699998
1.81     0.328238116332
1.815     0.328132748952
1.82     0.328026706355
1.825     0.327922313591
1.83     0.327819074303
1.835     0.327712300781
1.84     0.3276037539
1.845     0.327492080984
1.85     0.3273800894
1.855     0.327270457881
1.86     0.327160243816
1.865     0.327048333848
1.87     0.326930652221
1.875     0.326813296275
1.88     0.32669552446
1.885     0.326580295604
1.89     0.326464636062
1.895     0.326342768427
1.9     0.326220716619
1.905     0.32609655973
1.91     0.325973560563
1.915     0.32585322577
1.92     0.325732582483
1.925     0.325606038835
1.93     0.32547798394
1.935     0.325351008409
1.94     0.325227038766
1.945     0.32510693968
1.95     0.324982367552
1.955     0.324855334237
1.96     0.324728731798
1.965     0.324604087782
1.97     0.324481818994
1.975     0.324359974725
1.98     0.32423640788
1.985     0.324111022628
1.99     0.323986995067
1.995     0.323864026966
2.0     0.323744818831
2.005     0.323625665466
2.01     0.323505043909
2.015     0.323380306841
2.02     0.323254966259
2.025     0.323137416331
2.03     0.323023246978
2.035     0.322908467029
2.04     0.322787736717
2.045     0.322663183604
2.05     0.322541599047
2.055     0.322429358615
2.06     0.322319337823
2.065     0.322206461671
2.07     0.32208991166
2.075     0.321967885198
2.08     0.321854552384
2.085     0.32174677234
2.09     0.321639497104
2.095     0.32153127839
2.1     0.321418354836
2.105     0.321304845692
2.11     0.32119469635
2.115     0.321092245469
2.12     0.320992882572
2.125     0.320890237714
2.13     0.320784048983
2.135     0.320675211093
2.14     0.320574237125
2.145     0.320480558116
2.15     0.320389036712
2.155     0.320294222706
2.16     0.32019353453
2.165     0.320093424109
2.17     0.320002289027
2.175     0.319916210138
2.18     0.319834158922
2.185     0.319744605034
2.19     0.319649371387
2.195     0.31955780924
2.2     0.319475859971
2.205     0.319401728591
2.21     0.319326418785
2.215     0.319243124845
2.22     0.319154560009
2.225     0.319071739146
2.23     0.31900140672
2.235     0.318935737442
2.24     0.318867018752
2.245     0.318789710744
2.25     0.318711306773
2.255     0.318638768245
2.26     0.318576742393
2.265     0.318518370999
2.27     0.31845676714
2.275     0.31839159621
2.28     0.318321616849
2.285     0.318256485167
2.29     0.318200971619
2.295     0.318150187701
2.3     0.318100987335
2.305     0.318041244367
2.31     0.317976922475
2.315     0.31791875304
2.32     0.317871095227
2.325     0.317830034763
2.33     0.317783142354
2.335     0.317730631256
2.34     0.31767380259
2.345     0.317622983729
2.35     0.317584681332
2.355     0.317548017709
2.36     0.31750835398
2.365     0.317462142014
2.37     0.31741040095
2.375     0.317371932867
2.38     0.317337384602
2.385     0.3173085038
2.39     0.317273466396
2.395     0.317231335631
2.4     0.317189943178
2.405     0.317153321253
2.41     0.31713178231
2.415     0.317106651893
2.42     0.317078553186
2.425     0.317039888468
2.43     0.31700657027
2.435     0.316986319956
2.44     0.316963958362
2.445     0.316937757018
2.45     0.316911388051
2.455     0.316894353036
2.46     0.316865283844
2.465     0.316843100482
2.47     0.316814441848
2.475     0.316802976446
2.48     0.316791594678
2.485     0.316761510473
2.49     0.31673986177
2.495     0.316720349007
2.5     0.316714318454
2.505     0.316691922331
2.51     0.316675432963
2.515     0.316666017824
2.52     0.316657778018
2.525     0.316634046885
2.53     0.316610870285
2.535     0.316611879225
2.54     0.316617007043
2.545     0.316599449451
2.55     0.316565634202
2.555     0.316557372015
2.56     0.316573401344
2.565     0.316571793385
2.57     0.31653994942
2.575     0.316518479738
2.58     0.316536719702
2.585     0.316540790337
2.59     0.316526543214
2.595     0.316497665327
2.6     0.316503986578
2.605     0.316516352264
2.61     0.316519514966
2.615     0.316495090687
2.62     0.316475535744
2.625     0.316496784057
2.63     0.316521665504
2.635     0.316512682413
2.64     0.316477835017
2.645     0.316479689421
2.65     0.316513844074
2.655     0.316535371944
2.66     0.316512448668
2.665     0.316494474258
2.67     0.316510038504
2.675     0.316539955569
2.68     0.316532614339
2.685     0.316512409265
2.69     0.316521915826
2.695     0.316542986836
2.7     0.316552828053
2.705     0.31652345467
2.71     0.316517013248
2.715     0.316543383101
2.72     0.316573424559
2.725     0.316555179157
2.73     0.316521751508
2.735     0.316527532342
2.74     0.316563257554
2.745     0.31659201224
2.75     0.316556946079
2.755     0.316525750962
2.76     0.316538379156
2.765     0.316596420972
2.77     0.316596813479
2.775     0.316552946952
2.78     0.316534051601
2.785     0.316567137327
2.79     0.316622546107
2.795     0.316583461667
2.8     0.3165454045
2.805     0.316552952996
2.81     0.316615100259
2.815     0.316623852008
2.82     0.316571390034
2.825     0.316550920049
2.83     0.316582043679
2.835     0.316637242274
2.84     0.316613529427
2.845     0.316560700258
2.85     0.316561688482
2.855     0.316616370269
2.86     0.316645743242
2.865     0.316595564144
2.87     0.316553315131
2.875     0.31657596477
2.88     0.316638402949
2.885     0.316631839673
2.89     0.316573493829
2.895     0.31656234221
2.9     0.316596322686
2.905     0.316628440793
2.91     0.316594902155
2.915     0.316564618283
2.92     0.31656231235
2.925     0.316596891779
2.93     0.316598470632
2.935     0.316566966722
2.94     0.316537768334
2.945     0.316548272268
2.95     0.316571530252
2.955     0.316555707569
2.96     0.316513181174
2.965     0.316485726296
2.97     0.316505473543
2.975     0.316518028083
2.98     0.316489788441
2.985     0.31644264754
2.99     0.31643276571
2.995     0.316441716116
3.0     0.316438410749
3.005     0.316408013792
3.01     0.316364880031
3.015     0.316359122299
3.02     0.316361927292
3.025     0.316341426785
3.03     0.316309187181
3.035     0.316261956387
3.04     0.316254919847
3.045     0.316253082285
3.05     0.316223755872
3.055     0.316184808325
3.06     0.316133292849
3.065     0.316132710985
3.07     0.31612467554
3.075     0.316087312309
3.08     0.316033262507
3.085     0.315986028564
3.09     0.315983176584
3.095     0.31595894914
3.1     0.31591715904
3.105     0.31585259969
3.11     0.315814859919
3.115     0.315801909824
3.12     0.315762162044
3.125     0.31571571745
3.13     0.315649946292
3.135     0.315603583105
3.14     0.315587918449
3.145     0.315537653682
3.15     0.315493675545
3.155     0.315415954349
3.16     0.315365164867
3.165     0.315326247914
3.17     0.315271595595
3.175     0.315215710792
3.18     0.315136421654
3.185     0.315079944915
3.19     0.315030496546
3.195     0.314970468084
3.2     0.314894676611
3.205     0.314814066615
3.21     0.314748496501
3.215     0.314688796376
3.22     0.3146199817
3.225     0.314534379136
3.23     0.314431466811
3.235     0.3143581005
3.24     0.314287609844
3.245     0.314217299454
3.25     0.314114187629
3.255     0.313995958841
3.26     0.313914652829
3.265     0.31383067083
3.27     0.313748229073
3.275     0.31362914166
3.28     0.313501296745
3.285     0.313406115505
3.29     0.313320900449
3.295     0.313222636314
3.3     0.313076683831
3.305     0.312934021132
3.31     0.312825216917
3.315     0.312730487169
3.32     0.312613156346
3.325     0.312454480826
3.33     0.312298464239
3.335     0.312173763628
3.34     0.312059690338
3.345     0.311927523537
3.35     0.311754255243
3.355     0.311584877137
3.36     0.311429450437
3.365     0.311296833374
3.37     0.311152401074
3.375     0.310963780059
3.38     0.310773185148
3.385     0.310589746874
3.39     0.3104344477
3.395     0.310273716885
3.4     0.310075781029
3.405     0.309862721588
3.41     0.309648479124
3.415     0.309473028434
3.42     0.309296524735
3.425     0.309087317082
3.43     0.308845747618
3.435     0.308602032963
3.44     0.308404255568
3.445     0.308206399404
3.45     0.30797841489
3.455     0.307712556586
3.46     0.307446184404
3.465     0.307211010322
3.47     0.3069911745
3.475     0.306742643414
3.48     0.30645799386
3.485     0.306170815214
3.49     0.305896083236
3.495     0.305646290773
3.5     0.305369712875
