0 0
0.001 0.00157884
0.002 0.00314618
0.003 0.00470488
0.004 0.00625586
0.005 0.00779985
0.006 0.00933737
0.007 0.0108688
0.008 0.0123944
0.009 0.0139144
0.01 0.0154291
0.011 0.0169385
0.012 0.0184427
0.013 0.019942
0.014 0.0214364
0.015 0.0229259
0.016 0.0244107
0.017 0.0258909
0.018 0.0273664
0.019 0.0288374
0.02 0.0303039
0.021 0.031766
0.022 0.0332237
0.023 0.034677
0.024 0.0361261
0.025 0.0375709
0.026 0.0390115
0.027 0.0404479
0.028 0.0418801
0.029 0.0433088
0.03 0.0447331
0.031 0.0461532
0.032 0.0475694
0.033 0.0489814
0.034 0.0503896
0.035 0.0517937
0.036 0.053194
0.037 0.0545903
0.038 0.0559828
0.039 0.0573714
0.04 0.0587562
0.041 0.0601372
0.042 0.0615145
0.043 0.062888
0.044 0.0642578
0.045 0.0656238
0.046 0.0669862
0.047 0.0683449
0.048 0.0696999
0.049 0.0710514
0.05 0.0723992
0.051 0.0737434
0.052 0.075084
0.053 0.0764211
0.054 0.0777546
0.055 0.0790846
0.056 0.0804111
0.057 0.0817341
0.058 0.0830536
0.059 0.0843697
0.06 0.0856822
0.061 0.0869914
0.062 0.0882971
0.063 0.0895994
0.064 0.0908984
0.065 0.0921939
0.066 0.093486
0.067 0.0947749
0.068 0.0960603
0.069 0.0973425
0.07 0.0986213
0.071 0.0998968
0.072 0.101169
0.073 0.102438
0.074 0.103704
0.075 0.104966
0.076 0.106225
0.077 0.107481
0.078 0.108734
0.079 0.109983
0.08 0.111229
0.081 0.112472
0.082 0.113712
0.083 0.114949
0.084 0.116182
0.085 0.117412
0.086 0.118639
0.087 0.119863
0.088 0.121084
0.089 0.122302
0.09 0.123516
0.091 0.124728
0.092 0.125936
0.093 0.127141
0.094 0.128343
0.095 0.129542
0.096 0.130738
0.097 0.131931
0.098 0.13312
0.099 0.134307
0.1 0.13549
0.101 0.136671
0.102 0.137848
0.103 0.139017
0.104 0.140187
0.105 0.141356
0.106 0.142521
0.107 0.143684
0.108 0.144843
0.109 0.146
0.11 0.147153
0.111 0.148303
0.112 0.149451
0.113 0.150595
0.114 0.151736
0.115 0.152875
0.116 0.15401
0.117 0.155143
0.118 0.156272
0.119 0.157398
0.12 0.158522
0.121 0.159642
0.122 0.160745
0.123 0.16186
0.124 0.162972
0.125 0.164081
0.126 0.165187
0.127 0.16629
0.128 0.16739
0.129 0.168487
0.13 0.169581
0.131 0.170672
0.132 0.17176
0.133 0.172846
0.134 0.173928
0.135 0.175007
0.136 0.176084
0.137 0.177157
0.138 0.178228
0.139 0.179295
0.14 0.18036
0.141 0.181422
0.142 0.18248
0.143 0.183536
0.144 0.184589
0.145 0.185639
0.146 0.186686
0.147 0.18773
0.148 0.188772
0.149 0.18981
0.15 0.190845
0.151 0.191878
0.152 0.192907
0.153 0.193934
0.154 0.194942
0.155 0.195961
0.156 0.196979
0.157 0.197993
0.158 0.199007
0.159 0.200016
0.16 0.201022
0.161 0.202027
0.162 0.203029
0.163 0.204024
0.164 0.205018
0.165 0.20601
0.166 0.206999
0.167 0.207985
0.168 0.208967
0.169 0.209948
0.17 0.210925
0.171 0.211899
0.172 0.212871
0.173 0.213839
0.174 0.214807
0.175 0.215766
0.176 0.216727
0.177 0.217685
0.178 0.218639
0.179 0.219591
0.18 0.220539
0.181 0.221484
0.182 0.222423
0.183 0.223363
0.184 0.224297
0.185 0.225228
0.186 0.226159
0.187 0.227087
0.188 0.228011
0.189 0.228933
0.19 0.229852
0.191 0.230768
0.192 0.23168
0.193 0.23259
0.194 0.233497
0.195 0.234401
0.196 0.235302
0.197 0.2362
0.198 0.237095
0.199 0.237987
0.2 0.238876
0.201 0.239762
0.202 0.240645
0.203 0.241525
0.204 0.242402
0.205 0.243276
0.206 0.244147
0.207 0.245016
0.208 0.24588
0.209 0.246739
0.21 0.247599
0.211 0.248438
0.212 0.249291
0.213 0.250143
0.214 0.250991
0.215 0.251836
0.216 0.252655
0.217 0.253494
0.218 0.25433
0.219 0.255163
0.22 0.255992
0.221 0.256819
0.222 0.257643
0.223 0.258464
0.224 0.259282
0.225 0.260097
0.226 0.260908
0.227 0.261716
0.228 0.262521
0.229 0.263323
0.23 0.264118
0.231 0.264914
0.232 0.265706
0.233 0.266496
0.234 0.267282
0.235 0.268065
0.236 0.26884
0.237 0.269615
0.238 0.27039
0.239 0.27116
0.24 0.271931
0.241 0.272691
0.242 0.273453
0.243 0.274212
0.244 0.274968
0.245 0.27572
0.246 0.276469
0.247 0.277216
0.248 0.277959
0.249 0.278699
0.25 0.279435
0.251 0.280169
0.252 0.280899
0.253 0.281625
0.254 0.282349
0.255 0.28307
0.256 0.283788
0.257 0.284503
0.258 0.285214
0.259 0.285922
0.26 0.286626
0.261 0.287189
0.262 0.287893
0.263 0.288593
0.264 0.289292
0.265 0.289986
0.266 0.290677
0.267 0.291364
0.268 0.292047
0.269 0.292728
0.27 0.293379
0.271 0.294052
0.272 0.294723
0.273 0.295394
0.274 0.296054
0.275 0.296714
0.276 0.297372
0.277 0.298026
0.278 0.298677
0.279 0.299324
0.28 0.299969
0.281 0.30061
0.282 0.301247
0.283 0.301882
0.284 0.302505
0.285 0.303134
0.286 0.303759
0.287 0.304381
0.288 0.304999
0.289 0.305616
0.29 0.306227
0.291 0.306836
0.292 0.307441
0.293 0.308044
0.294 0.308641
0.295 0.309237
0.296 0.309829
0.297 0.310418
0.298 0.311004
0.299 0.311583
0.3 0.312162
0.301 0.312737
0.302 0.31329
0.303 0.31386
0.304 0.314427
0.305 0.31499
0.306 0.31555
0.307 0.316107
0.308 0.316661
0.309 0.317211
0.31 0.317758
0.311 0.318302
0.312 0.318843
0.313 0.31938
0.314 0.319914
0.315 0.320445
0.316 0.320973
0.317 0.321498
0.318 0.322019
0.319 0.322537
0.32 0.323052
0.321 0.323556
0.322 0.324065
0.323 0.32457
0.324 0.325073
0.325 0.325572
0.326 0.326068
0.327 0.32656
0.328 0.327049
0.329 0.327535
0.33 0.328018
0.331 0.328498
0.332 0.328974
0.333 0.329447
0.334 0.329917
0.335 0.330384
0.336 0.330847
0.337 0.331308
0.338 0.331765
0.339 0.332219
0.34 0.33267
0.341 0.333118
0.342 0.333563
0.343 0.334005
0.344 0.334444
0.345 0.334879
0.346 0.335312
0.347 0.335731
0.348 0.336157
0.349 0.336581
0.35 0.337002
0.351 0.337419
0.352 0.337834
0.353 0.338245
0.354 0.338654
0.355 0.339059
0.356 0.339461
0.357 0.339861
0.358 0.340257
0.359 0.34065
0.36 0.34104
0.361 0.341381
0.362 0.341765
0.363 0.342145
0.364 0.342522
0.365 0.342896
0.366 0.343265
0.367 0.343631
0.368 0.343997
0.369 0.344359
0.37 0.344719
0.371 0.345075
0.372 0.345428
0.373 0.345778
0.374 0.346095
0.375 0.346438
0.376 0.346781
0.377 0.347122
0.378 0.347455
0.379 0.34779
0.38 0.348117
0.381 0.348444
0.382 0.348769
0.383 0.349084
0.384 0.349403
0.385 0.349718
0.386 0.350031
0.387 0.350341
0.388 0.350648
0.389 0.350952
0.39 0.351253
0.391 0.351551
0.392 0.351846
0.393 0.352138
0.394 0.352428
0.395 0.352714
0.396 0.352998
0.397 0.353279
0.398 0.353557
0.399 0.353833
0.4 0.354105
0.401 0.354373
0.402 0.35464
0.403 0.354905
0.404 0.355167
0.405 0.355427
0.406 0.355684
0.407 0.355929
0.408 0.356181
0.409 0.356369
0.41 0.356615
0.411 0.35686
0.412 0.357102
0.413 0.357341
0.414 0.357578
0.415 0.357812
0.416 0.358034
0.417 0.358264
0.418 0.358491
0.419 0.358715
0.42 0.358936
0.421 0.359154
0.422 0.359368
0.423 0.359577
0.424 0.359788
0.425 0.359997
0.426 0.360202
0.427 0.360397
0.428 0.360597
0.429 0.360796
0.43 0.360992
0.431 0.361186
0.432 0.361377
0.433 0.361565
0.434 0.361751
0.435 0.361935
0.436 0.362116
0.437 0.362295
0.438 0.362467
0.439 0.362641
0.44 0.362812
0.441 0.362981
0.442 0.363148
0.443 0.363308
0.444 0.363473
0.445 0.363635
0.446 0.363786
0.447 0.363941
0.448 0.364094
0.449 0.364245
0.45 0.364393
0.451 0.364539
0.452 0.364678
0.453 0.364823
0.454 0.364963
0.455 0.365095
0.456 0.365225
0.457 0.365359
0.458 0.365489
0.459 0.365618
0.46 0.36574
0.461 0.365866
0.462 0.36599
0.463 0.366113
0.464 0.366233
0.465 0.366351
0.466 0.366467
0.467 0.366582
0.468 0.366695
0.469 0.366808
0.47 0.366919
0.471 0.367027
0.472 0.367123
0.473 0.367228
0.474 0.367331
0.475 0.367431
0.476 0.367529
0.477 0.367625
0.478 0.367719
0.479 0.367811
0.48 0.367901
0.481 0.367989
0.482 0.368043
0.483 0.36813
0.484 0.368207
0.485 0.368287
0.486 0.368365
0.487 0.368441
0.488 0.368516
0.489 0.368588
0.49 0.368659
0.491 0.368728
0.492 0.368794
0.493 0.368859
0.494 0.368923
0.495 0.368984
0.496 0.369044
0.497 0.369102
0.498 0.369158
0.499 0.369213
0.5 0.369266
0.501 0.369317
0.502 0.369367
0.503 0.369415
0.504 0.369459
0.505 0.369507
0.506 0.369551
0.507 0.369594
0.508 0.369635
0.509 0.369675
0.51 0.369656
0.511 0.369695
0.512 0.369732
0.513 0.369769
0.514 0.369803
0.515 0.369837
0.516 0.36987
0.517 0.36989
0.518 0.369924
0.519 0.369955
0.52 0.369985
0.521 0.369976
0.522 0.369974
0.523 0.370002
0.524 0.370027
0.525 0.37005
0.526 0.370071
0.527 0.370089
0.528 0.370106
0.529 0.370117
0.53 0.370129
0.531 0.370137
0.532 0.370149
0.533 0.370155
0.534 0.370161
0.535 0.370165
0.536 0.370167
0.537 0.369957
0.538 0.369958
0.539 0.36996
0.54 0.369961
0.541 0.369961
0.542 0.369961
0.543 0.36996
0.544 0.369958
0.545 0.369954
0.546 0.36995
0.547 0.369944
0.548 0.369936
0.549 0.369902
0.55 0.369891
0.551 0.369782
0.552 0.369768
0.553 0.369756
0.554 0.369743
0.555 0.369726
0.556 0.36971
0.557 0.369693
0.558 0.369676
0.559 0.369657
0.56 0.369638
0.561 0.369618
0.562 0.369598
0.563 0.369578
0.564 0.369558
0.565 0.369536
0.566 0.369515
0.567 0.369462
0.568 0.369439
0.569 0.369417
0.57 0.369392
0.571 0.369368
0.572 0.369342
0.573 0.369314
0.574 0.369286
0.575 0.369257
0.576 0.369225
0.577 0.369192
0.578 0.369159
0.579 0.369119
0.58 0.369083
0.581 0.369044
0.582 0.369006
0.583 0.368966
0.584 0.368926
0.585 0.368885
0.586 0.368847
0.587 0.368798
0.588 0.368768
0.589 0.36872
0.59 0.368678
0.591 0.368636
0.592 0.368592
0.593 0.368549
0.594 0.368505
0.595 0.36846
0.596 0.368414
0.597 0.368368
0.598 0.368321
0.599 0.368273
0.6 0.36822
0.601 0.368169
0.602 0.368117
0.603 0.368065
0.604 0.368011
0.605 0.367957
0.606 0.367902
0.607 0.367847
0.608 0.36779
0.609 0.367734
0.61 0.367676
0.611 0.367619
0.612 0.367564
0.613 0.367505
0.614 0.367436
0.615 0.367377
0.616 0.367319
0.617 0.36726
0.618 0.367197
0.619 0.367138
0.62 0.367078
0.621 0.367017
0.622 0.366956
0.623 0.366894
0.624 0.366831
0.625 0.366769
0.626 0.366705
0.627 0.366642
0.628 0.366575
0.629 0.366503
0.63 0.366444
0.631 0.366372
0.632 0.366305
0.633 0.366239
0.634 0.366174
0.635 0.366108
0.636 0.366042
0.637 0.365971
0.638 0.365904
0.639 0.365835
0.64 0.365766
0.641 0.365697
0.642 0.365626
0.643 0.365553
0.644 0.36548
0.645 0.365408
0.646 0.365316
0.647 0.365244
0.648 0.365158
0.649 0.365088
0.65 0.365012
0.651 0.364936
0.652 0.364859
0.653 0.364783
0.654 0.364706
0.655 0.36463
0.656 0.364554
0.657 0.364478
0.658 0.364402
0.659 0.364326
0.66 0.36425
0.661 0.364173
0.662 0.364096
0.663 0.364003
0.664 0.363927
0.665 0.363851
0.666 0.363774
0.667 0.36365
0.668 0.363573
0.669 0.363493
0.67 0.363415
0.671 0.363334
0.672 0.363255
0.673 0.363176
0.674 0.363096
0.675 0.363016
0.676 0.362937
0.677 0.362859
0.678 0.362778
0.679 0.362692
0.68 0.362611
0.681 0.362529
0.682 0.362447
0.683 0.362366
0.684 0.362285
0.685 0.362203
0.686 0.362121
0.687 0.362039
0.688 0.361958
0.689 0.361876
0.69 0.361794
0.691 0.361715
0.692 0.361629
0.693 0.361546
0.694 0.361463
0.695 0.361378
0.696 0.361294
0.697 0.361211
0.698 0.361127
0.699 0.361043
0.7 0.36096
0.701 0.360877
0.702 0.360793
0.703 0.360709
0.704 0.360626
0.705 0.360542
0.706 0.360458
0.707 0.360374
0.708 0.360291
0.709 0.360206
0.71 0.360122
0.711 0.360037
0.712 0.359952
0.713 0.359867
0.714 0.359782
0.715 0.359695
0.716 0.359608
0.717 0.359521
0.718 0.359434
0.719 0.359345
0.72 0.359258
0.721 0.35917
0.722 0.359083
0.723 0.358996
0.724 0.358907
0.725 0.358821
0.726 0.358736
0.727 0.358646
0.728 0.358559
0.729 0.358478
0.73 0.35838
0.731 0.358301
0.732 0.358205
0.733 0.358118
0.734 0.358031
0.735 0.357944
0.736 0.357858
0.737 0.357771
0.738 0.357683
0.739 0.357596
0.74 0.357508
0.741 0.357421
0.742 0.357333
0.743 0.357245
0.744 0.357158
0.745 0.35707
0.746 0.356982
0.747 0.356894
0.748 0.356806
0.749 0.356718
0.75 0.356631
0.751 0.356543
0.752 0.356455
0.753 0.356368
0.754 0.35628
0.755 0.356193
0.756 0.356104
0.757 0.356017
0.758 0.355918
0.759 0.35583
0.76 0.355744
0.761 0.355654
0.762 0.355571
0.763 0.355485
0.764 0.355399
0.765 0.355313
0.766 0.355225
0.767 0.355141
0.768 0.355053
0.769 0.354971
0.77 0.354886
0.771 0.354802
0.772 0.354718
0.773 0.354634
0.774 0.354551
0.775 0.354466
0.776 0.354373
0.777 0.354288
0.778 0.354201
0.779 0.354119
0.78 0.354033
0.781 0.35395
0.782 0.353868
0.783 0.353785
0.784 0.353702
0.785 0.35362
0.786 0.353537
0.787 0.353382
0.788 0.353243
0.789 0.353158
0.79 0.353072
0.791 0.35299
0.792 0.352905
0.793 0.352822
0.794 0.352737
0.795 0.352653
0.796 0.352569
0.797 0.352481
0.798 0.352398
0.799 0.352314
0.8 0.35222
0.801 0.35213
0.802 0.352039
0.803 0.351883
0.804 0.35177
0.805 0.35169
0.806 0.35161
0.807 0.351529
0.808 0.351449
0.809 0.351368
0.81 0.351287
0.811 0.351207
0.812 0.351126
0.813 0.351046
0.814 0.350968
0.815 0.350854
0.816 0.350773
0.817 0.350691
0.818 0.350611
0.819 0.350531
0.82 0.350452
0.821 0.350372
0.822 0.350293
0.823 0.350214
0.824 0.350176
0.825 0.350099
0.826 0.350022
0.827 0.349946
0.828 0.349869
0.829 0.349793
0.83 0.349716
0.831 0.34964
0.832 0.349562
0.833 0.349484
0.834 0.349409
0.835 0.349334
0.836 0.349255
0.837 0.349181
0.838 0.349106
0.839 0.349031
0.84 0.348955
0.841 0.348879
0.842 0.348789
0.843 0.34871
0.844 0.348634
0.845 0.348558
0.846 0.348482
0.847 0.348406
0.848 0.348328
0.849 0.348252
0.85 0.348175
0.851 0.3481
0.852 0.348022
0.853 0.347945
0.854 0.347869
0.855 0.347793
0.856 0.347711
0.857 0.347636
0.858 0.347559
0.859 0.347483
0.86 0.347408
0.861 0.347332
0.862 0.347256
0.863 0.347182
0.864 0.347121
0.865 0.347032
0.866 0.346959
0.867 0.346888
0.868 0.346818
0.869 0.346747
0.87 0.346677
0.871 0.346608
0.872 0.346532
0.873 0.346461
0.874 0.346392
0.875 0.346323
0.876 0.346255
0.877 0.346185
0.878 0.346117
0.879 0.346047
0.88 0.345988
0.881 0.345913
0.882 0.345842
0.883 0.345774
0.884 0.345706
0.885 0.345635
0.886 0.345566
0.887 0.345496
0.888 0.345425
0.889 0.345354
0.89 0.345282
0.891 0.345215
0.892 0.345147
0.893 0.345078
0.894 0.34501
0.895 0.344942
0.896 0.344875
0.897 0.344811
0.898 0.344741
0.899 0.344672
0.9 0.344599
0.901 0.34452
0.902 0.344455
0.903 0.34439
0.904 0.344326
0.905 0.344262
0.906 0.344198
0.907 0.344134
0.908 0.34407
0.909 0.344007
0.91 0.343944
0.911 0.343881
0.912 0.343819
0.913 0.343757
0.914 0.343695
0.915 0.343634
0.916 0.343576
0.917 0.343512
0.918 0.34345
0.919 0.343391
0.92 0.343329
0.921 0.34327
0.922 0.343215
0.923 0.343152
0.924 0.343094
0.925 0.343034
0.926 0.342975
0.927 0.342917
0.928 0.34281
0.929 0.342753
0.93 0.342696
0.931 0.342638
0.932 0.34258
0.933 0.342521
0.934 0.342461
0.935 0.3424
0.936 0.34234
0.937 0.34228
0.938 0.34222
0.939 0.342156
0.94 0.342096
0.941 0.342036
0.942 0.341975
0.943 0.341916
0.944 0.341857
0.945 0.341799
0.946 0.34174
0.947 0.341682
0.948 0.341625
0.949 0.341568
0.95 0.341511
0.951 0.341455
0.952 0.3414
0.953 0.341344
0.954 0.34129
0.955 0.341236
0.956 0.341183
0.957 0.341129
0.958 0.341077
0.959 0.341024
0.96 0.34097
0.961 0.340918
0.962 0.340867
0.963 0.340816
0.964 0.340765
0.965 0.340713
0.966 0.340663
0.967 0.340606
0.968 0.340556
0.969 0.340509
0.97 0.340459
0.971 0.34041
0.972 0.340361
0.973 0.340313
0.974 0.340264
0.975 0.340206
0.976 0.340157
0.977 0.340108
0.978 0.340058
0.979 0.340008
0.98 0.339954
0.981 0.339903
0.982 0.339853
0.983 0.339794
0.984 0.339732
0.985 0.33963
0.986 0.339546
0.987 0.339492
0.988 0.339437
0.989 0.339382
0.99 0.339328
0.991 0.339264
0.992 0.33922
0.993 0.339175
0.994 0.339118
0.995 0.339066
0.996 0.33901
0.997 0.338962
0.998 0.338909
0.999 0.338868
1 0.338811
1.001 0.338763
1.002 0.338713
1.003 0.338666
1.004 0.338618
1.005 0.338572
1.006 0.338525
1.007 0.338479
1.008 0.338434
1.009 0.338388
1.01 0.338343
1.011 0.338298
1.012 0.338254
1.013 0.33821
1.014 0.338166
1.015 0.338123
1.016 0.338079
1.017 0.338038
1.018 0.337992
1.019 0.337949
1.02 0.337906
1.021 0.337814
1.022 0.337771
1.023 0.337725
1.024 0.337681
1.025 0.337638
1.026 0.337593
1.027 0.337544
1.028 0.337499
1.029 0.337453
1.03 0.337406
1.031 0.337361
1.032 0.337315
1.033 0.337287
1.034 0.337224
1.035 0.337179
1.036 0.337135
1.037 0.337091
1.038 0.337046
1.039 0.337008
1.04 0.336959
1.041 0.336917
1.042 0.336875
1.043 0.336833
1.044 0.336795
1.045 0.336739
1.046 0.336699
1.047 0.336657
1.048 0.336617
1.049 0.33659
1.05 0.336524
1.051 0.336481
1.052 0.336443
1.053 0.336405
1.054 0.336367
1.055 0.336332
1.056 0.336297
1.057 0.336256
1.058 0.33622
1.059 0.33618
1.06 0.336146
1.061 0.33611
1.062 0.336074
1.063 0.336038
1.064 0.336001
1.065 0.335966
1.066 0.335931
1.067 0.335896
1.068 0.335861
1.069 0.335826
1.07 0.335791
1.071 0.335757
1.072 0.335721
1.073 0.335683
1.074 0.335651
1.075 0.335615
1.076 0.335579
1.077 0.335543
1.078 0.335506
1.079 0.335464
1.08 0.335441
1.081 0.335395
1.082 0.33536
1.083 0.335323
1.084 0.335289
1.085 0.335256
1.086 0.335216
1.087 0.335184
1.088 0.335143
1.089 0.335106
1.09 0.335073
1.091 0.335039
1.092 0.335005
1.093 0.334972
1.094 0.334939
1.095 0.334905
1.096 0.334872
1.097 0.334839
1.098 0.334806
1.099 0.334774
1.1 0.334741
1.101 0.33471
1.102 0.334678
1.103 0.334647
1.104 0.334616
1.105 0.334579
1.106 0.334555
1.107 0.334525
1.108 0.334495
1.109 0.334461
1.11 0.334429
1.111 0.334401
1.112 0.334372
1.113 0.334343
1.114 0.33423
1.115 0.334205
1.116 0.334174
1.117 0.334154
1.118 0.334129
1.119 0.334103
1.12 0.334077
1.121 0.334051
1.122 0.334025
1.123 0.333998
1.124 0.333971
1.125 0.333943
1.126 0.333916
1.127 0.333886
1.128 0.333862
1.129 0.333832
1.13 0.3338
1.131 0.333771
1.132 0.333741
1.133 0.333712
1.134 0.333683
1.135 0.333654
1.136 0.333625
1.137 0.333597
1.138 0.333568
1.139 0.333541
1.14 0.333513
1.141 0.333385
1.142 0.333365
1.143 0.333334
1.144 0.333312
1.145 0.333291
1.146 0.333268
1.147 0.333245
1.148 0.333224
1.149 0.333202
1.15 0.33318
1.151 0.33316
1.152 0.333139
1.153 0.333119
1.154 0.333096
1.155 0.333075
1.156 0.333058
1.157 0.333036
1.158 0.333015
1.159 0.33295
1.16 0.332931
1.161 0.33291
1.162 0.332892
1.163 0.332872
1.164 0.332821
1.165 0.332805
1.166 0.33278
1.167 0.33276
1.168 0.33274
1.169 0.33272
1.17 0.3327
1.171 0.332679
1.172 0.332658
1.173 0.332637
1.174 0.332615
1.175 0.332594
1.176 0.332571
1.177 0.332549
1.178 0.332526
1.179 0.332503
1.18 0.33248
1.181 0.332446
1.182 0.332422
1.183 0.332354
1.184 0.332364
1.185 0.332265
1.186 0.332249
1.187 0.332211
1.188 0.332191
1.189 0.332166
1.19 0.332145
1.191 0.332118
1.192 0.332094
1.193 0.332072
1.194 0.33205
1.195 0.332029
1.196 0.33201
1.197 0.331988
1.198 0.331966
1.199 0.331946
1.2 0.331926
1.201 0.331907
1.202 0.331883
1.203 0.331865
1.204 0.331847
1.205 0.331829
1.206 0.331811
1.207 0.331793
1.208 0.331776
1.209 0.331759
1.21 0.331742
1.211 0.331725
1.212 0.331705
1.213 0.331687
1.214 0.331672
1.215 0.331652
1.216 0.331636
1.217 0.33162
1.218 0.331603
1.219 0.331587
1.22 0.331568
1.221 0.33155
1.222 0.331532
1.223 0.331527
1.224 0.331495
1.225 0.331478
1.226 0.33145
1.227 0.33143
1.228 0.331403
1.229 0.331383
1.23 0.331362
1.231 0.331346
1.232 0.331323
1.233 0.331302
1.234 0.331282
1.235 0.331263
1.236 0.331239
1.237 0.331224
1.238 0.331205
1.239 0.331186
1.24 0.331166
1.241 0.331148
1.242 0.331131
1.243 0.331114
1.244 0.331095
1.245 0.33108
1.246 0.331052
1.247 0.331035
1.248 0.331019
1.249 0.331008
1.25 0.330988
1.251 0.330946
1.252 0.330936
1.253 0.330919
1.254 0.330905
1.255 0.330892
1.256 0.330835
1.257 0.330822
1.258 0.33081
1.259 0.330808
1.26 0.330799
1.261 0.330785
1.262 0.330775
1.263 0.330765
1.264 0.330761
1.265 0.330745
1.266 0.330734
1.267 0.330725
1.268 0.330691
1.269 0.33068
1.27 0.330674
1.271 0.330621
1.272 0.330613
1.273 0.330608
1.274 0.330596
1.275 0.330588
1.276 0.330579
1.277 0.330569
1.278 0.330559
1.279 0.330547
1.28 0.330537
1.281 0.330526
1.282 0.330516
1.283 0.330501
1.284 0.330492
1.285 0.330482
1.286 0.330472
1.287 0.330464
1.288 0.330453
1.289 0.330445
1.29 0.330435
1.291 0.330426
1.292 0.330413
1.293 0.330403
1.294 0.330397
1.295 0.330389
1.296 0.33038
1.297 0.330373
1.298 0.330365
1.299 0.33036
1.3 0.330353
1.301 0.330345
1.302 0.330339
1.303 0.330331
1.304 0.330324
1.305 0.330318
1.306 0.330304
1.307 0.330299
1.308 0.330294
1.309 0.330289
1.31 0.330284
1.311 0.33028
1.312 0.330275
1.313 0.33027
1.314 0.330265
1.315 0.330259
1.316 0.330254
1.317 0.330249
1.318 0.330244
1.319 0.330239
1.32 0.330236
1.321 0.3302
1.322 0.330194
1.323 0.330183
1.324 0.330177
1.325 0.33017
1.326 0.330161
1.327 0.330152
1.328 0.330144
1.329 0.330134
1.33 0.330121
1.331 0.330116
1.332 0.330105
1.333 0.330097
1.334 0.330085
1.335 0.330076
1.336 0.330068
1.337 0.330059
1.338 0.330054
1.339 0.330047
1.34 0.33004
1.341 0.330034
1.342 0.330028
1.343 0.330022
1.344 0.330018
1.345 0.330011
1.346 0.33002
1.347 0.329992
1.348 0.329988
1.349 0.329983
1.35 0.329979
1.351 0.329976
1.352 0.329974
1.353 0.329971
1.354 0.329977
1.355 0.329967
1.356 0.329966
1.357 0.329965
1.358 0.329959
1.359 0.329956
1.36 0.329962
1.361 0.329957
1.362 0.329959
1.363 0.329957
1.364 0.329956
1.365 0.329958
1.366 0.329957
1.367 0.329955
1.368 0.329953
1.369 0.32995
1.37 0.329942
1.371 0.32994
1.372 0.329947
1.373 0.329934
1.374 0.329923
1.375 0.32992
1.376 0.329913
1.377 0.32991
1.378 0.3299
1.379 0.329891
1.38 0.329888
1.381 0.329871
1.382 0.329851
1.383 0.329833
1.384 0.329818
1.385 0.329805
1.386 0.329791
1.387 0.329765
1.388 0.329754
1.389 0.329744
1.39 0.329735
1.391 0.329726
1.392 0.329718
1.393 0.329711
1.394 0.329735
1.395 0.329732
1.396 0.329726
1.397 0.329718
1.398 0.329709
1.399 0.3297
1.4 0.329691
1.401 0.329682
1.402 0.329673
1.403 0.329678
1.404 0.329654
1.405 0.329648
1.406 0.329637
1.407 0.329634
1.408 0.329623
1.409 0.329616
1.41 0.32961
1.411 0.329604
1.412 0.329601
1.413 0.329591
1.414 0.329589
1.415 0.329579
1.416 0.329575
1.417 0.329567
1.418 0.329561
1.419 0.329554
1.42 0.329548
1.421 0.329541
1.422 0.329533
1.423 0.329525
1.424 0.329516
1.425 0.329506
1.426 0.3295
1.427 0.329489
1.428 0.329483
1.429 0.329475
1.43 0.329476
1.431 0.329461
1.432 0.329455
1.433 0.329445
1.434 0.329437
1.435 0.329431
1.436 0.329423
1.437 0.329417
1.438 0.329413
1.439 0.329411
1.44 0.329402
1.441 0.329395
1.442 0.329388
1.443 0.329389
1.444 0.329381
1.445 0.329375
1.446 0.329364
1.447 0.329363
1.448 0.329358
1.449 0.329352
1.45 0.329344
1.451 0.329337
1.452 0.32934
1.453 0.329329
1.454 0.329325
1.455 0.329321
1.456 0.329318
1.457 0.329315
1.458 0.329312
1.459 0.329311
1.46 0.329306
1.461 0.329307
1.462 0.329301
1.463 0.329298
1.464 0.329295
1.465 0.329292
1.466 0.329289
1.467 0.329285
1.468 0.329282
1.469 0.329279
1.47 0.329274
1.471 0.329269
1.472 0.329264
1.473 0.329258
1.474 0.329251
1.475 0.329244
1.476 0.329242
1.477 0.32923
1.478 0.329222
1.479 0.329215
1.48 0.32921
1.481 0.329192
1.482 0.329185
1.483 0.329177
1.484 0.329169
1.485 0.329162
1.486 0.329155
1.487 0.329148
1.488 0.329141
1.489 0.329108
1.49 0.329102
1.491 0.329075
1.492 0.32907
1.493 0.329065
1.494 0.32906
1.495 0.329055
1.496 0.32905
1.497 0.329046
1.498 0.329041
1.499 0.329037
1.5 0.329033
1.501 0.329029
1.502 0.329025
1.503 0.329021
1.504 0.329018
1.505 0.329015
1.506 0.329012
1.507 0.329009
1.508 0.329006
1.509 0.329003
1.51 0.329001
1.511 0.328999
1.512 0.328999
1.513 0.328993
1.514 0.328992
1.515 0.328987
1.516 0.328987
1.517 0.328984
1.518 0.32898
1.519 0.328975
1.52 0.328973
1.521 0.328994
1.522 0.328961
1.523 0.328954
1.524 0.328947
1.525 0.32893
1.526 0.32893
1.527 0.328921
1.528 0.328925
1.529 0.3289
1.53 0.328894
1.531 0.328875
1.532 0.328867
1.533 0.328857
1.534 0.328848
1.535 0.328845
1.536 0.32883
1.537 0.328822
1.538 0.32867
1.539 0.328662
1.54 0.328649
1.541 0.328627
1.542 0.328615
1.543 0.328609
1.544 0.328604
1.545 0.328598
1.546 0.328598
1.547 0.32859
1.548 0.328587
1.549 0.328584
1.55 0.328581
1.551 0.32858
1.552 0.328574
1.553 0.328574
1.554 0.32857
1.555 0.328566
1.556 0.328567
1.557 0.328567
1.558 0.328567
1.559 0.328567
1.56 0.328567
1.561 0.328568
1.562 0.328568
1.563 0.328564
1.564 0.328526
1.565 0.328521
1.566 0.328517
1.567 0.32852
1.568 0.328486
1.569 0.328487
1.57 0.328483
1.571 0.32848
1.572 0.328478
1.573 0.328474
1.574 0.32847
1.575 0.328451
1.576 0.328447
1.577 0.328436
1.578 0.32843
1.579 0.328394
1.58 0.328383
1.581 0.32837
1.582 0.328357
1.583 0.328337
1.584 0.328319
1.585 0.328275
1.586 0.328271
1.587 0.328245
1.588 0.32825
1.589 0.328205
1.59 0.328201
1.591 0.328183
1.592 0.328175
1.593 0.328152
1.594 0.32814
1.595 0.328131
1.596 0.328127
1.597 0.328103
1.598 0.328096
1.599 0.328093
1.6 0.328086
1.601 0.32807
1.602 0.32806
1.603 0.32805
1.604 0.328041
1.605 0.328031
1.606 0.328023
1.607 0.328014
1.608 0.328004
1.609 0.327995
1.61 0.327981
1.611 0.327973
1.612 0.327962
1.613 0.327951
1.614 0.327942
1.615 0.327925
1.616 0.327915
1.617 0.327886
1.618 0.327874
1.619 0.327859
1.62 0.327846
1.621 0.327826
1.622 0.327811
1.623 0.327802
1.624 0.327783
1.625 0.327768
1.626 0.327755
1.627 0.327741
1.628 0.327726
1.629 0.327709
1.63 0.327694
1.631 0.327675
1.632 0.327662
1.633 0.327648
1.634 0.327636
1.635 0.327624
1.636 0.32761
1.637 0.327597
1.638 0.327589
1.639 0.327573
1.64 0.327558
1.641 0.327545
1.642 0.327537
1.643 0.327533
1.644 0.327518
1.645 0.327508
1.646 0.327499
1.647 0.327489
1.648 0.327477
1.649 0.327468
1.65 0.327456
1.651 0.327445
1.652 0.32744
1.653 0.327429
1.654 0.327421
1.655 0.327413
1.656 0.327405
1.657 0.327397
1.658 0.327389
1.659 0.327379
1.66 0.327371
1.661 0.327364
1.662 0.327354
1.663 0.327342
1.664 0.327338
1.665 0.327328
1.666 0.327311
1.667 0.327301
1.668 0.327287
1.669 0.327276
1.67 0.327264
1.671 0.327252
1.672 0.32724
1.673 0.327225
1.674 0.327213
1.675 0.327199
1.676 0.327185
1.677 0.327171
1.678 0.327152
1.679 0.327138
1.68 0.327124
1.681 0.32711
1.682 0.327094
1.683 0.32708
1.684 0.327062
1.685 0.327048
1.686 0.327034
1.687 0.32702
1.688 0.327005
1.689 0.326991
1.69 0.326979
1.691 0.326964
1.692 0.326942
1.693 0.326937
1.694 0.326924
1.695 0.326911
1.696 0.326893
1.697 0.32688
1.698 0.326867
1.699 0.326856
1.7 0.326846
1.701 0.326829
1.702 0.32684
1.703 0.326804
1.704 0.326792
1.705 0.326785
1.706 0.326772
1.707 0.326753
1.708 0.326739
1.709 0.32673
1.71 0.32673
1.711 0.326706
1.712 0.326694
1.713 0.326626
1.714 0.326612
1.715 0.326598
1.716 0.326584
1.717 0.326577
1.718 0.326555
1.719 0.326539
1.72 0.326525
1.721 0.32651
1.722 0.326495
1.723 0.326479
1.724 0.326463
1.725 0.326447
1.726 0.326431
1.727 0.326415
1.728 0.326396
1.729 0.326381
1.73 0.326364
1.731 0.326349
1.732 0.326331
1.733 0.326316
1.734 0.326299
1.735 0.326276
1.736 0.326262
1.737 0.326246
1.738 0.32623
1.739 0.326217
1.74 0.326204
1.741 0.326187
1.742 0.326178
1.743 0.326166
1.744 0.326155
1.745 0.326141
1.746 0.32613
1.747 0.326118
1.748 0.326107
1.749 0.326095
1.75 0.326081
1.751 0.326068
1.752 0.32606
1.753 0.32605
1.754 0.326041
1.755 0.32603
1.756 0.32602
1.757 0.32601
1.758 0.326009
1.759 0.325993
1.76 0.325981
1.761 0.325969
1.762 0.325959
1.763 0.32595
1.764 0.325939
1.765 0.325928
1.766 0.325917
1.767 0.325905
1.768 0.325893
1.769 0.32588
1.77 0.325866
1.771 0.325849
1.772 0.325836
1.773 0.325797
1.774 0.325806
1.775 0.325809
1.776 0.325778
1.777 0.325759
1.778 0.325712
1.779 0.325668
1.78 0.32564
1.781 0.32558
1.782 0.325552
1.783 0.325521
1.784 0.325495
1.785 0.325466
1.786 0.325437
1.787 0.325397
1.788 0.325375
1.789 0.325338
1.79 0.325302
1.791 0.325263
1.792 0.325235
1.793 0.325207
1.794 0.325184
1.795 0.325162
1.796 0.325136
1.797 0.325117
1.798 0.325094
1.799 0.325069
1.8 0.325052
1.801 0.325028
1.802 0.325009
1.803 0.324981
1.804 0.324932
1.805 0.324911
1.806 0.324889
1.807 0.324867
1.808 0.324837
1.809 0.324821
1.81 0.324799
1.811 0.324781
1.812 0.32475
1.813 0.324725
1.814 0.3247
1.815 0.324676
1.816 0.324652
1.817 0.324627
1.818 0.324598
1.819 0.324573
1.82 0.324548
1.821 0.324524
1.822 0.32448
1.823 0.324454
1.824 0.32443
1.825 0.324405
1.826 0.324381
1.827 0.324356
1.828 0.324334
1.829 0.324312
1.83 0.324289
1.831 0.324265
1.832 0.324244
1.833 0.324222
1.834 0.324205
1.835 0.32418
1.836 0.324169
1.837 0.324136
1.838 0.32412
1.839 0.3241
1.84 0.32408
1.841 0.324062
1.842 0.324041
1.843 0.324024
1.844 0.324007
1.845 0.323989
1.846 0.323975
1.847 0.323955
1.848 0.323939
1.849 0.323923
1.85 0.323907
1.851 0.323889
1.852 0.323874
1.853 0.323859
1.854 0.323845
1.855 0.323832
1.856 0.323818
1.857 0.323803
1.858 0.323789
1.859 0.323774
1.86 0.32376
1.861 0.323746
1.862 0.323731
1.863 0.323715
1.864 0.323699
1.865 0.323682
1.866 0.323663
1.867 0.323645
1.868 0.323626
1.869 0.323606
1.87 0.323585
1.871 0.323564
1.872 0.323543
1.873 0.323521
1.874 0.323499
1.875 0.323476
1.876 0.323456
1.877 0.323432
1.878 0.323403
1.879 0.323384
1.88 0.32336
1.881 0.323336
1.882 0.323312
1.883 0.323288
1.884 0.323265
1.885 0.323241
1.886 0.3232
1.887 0.323172
1.888 0.323143
1.889 0.323116
1.89 0.323112
1.891 0.323063
1.892 0.323037
1.893 0.323015
1.894 0.322982
1.895 0.322954
1.896 0.322927
1.897 0.3229
1.898 0.32289
1.899 0.322845
1.9 0.322784
1.901 0.32276
1.902 0.32273
1.903 0.322702
1.904 0.322675
1.905 0.322654
1.906 0.322617
1.907 0.322589
1.908 0.322562
1.909 0.322527
1.91 0.322501
1.911 0.322474
1.912 0.322446
1.913 0.322414
1.914 0.322386
1.915 0.322359
1.916 0.322331
1.917 0.322304
1.918 0.32225
1.919 0.322225
1.92 0.322191
1.921 0.322165
1.922 0.322141
1.923 0.322116
1.924 0.322085
1.925 0.322062
1.926 0.321992
1.927 0.32197
1.928 0.321948
1.929 0.321927
1.93 0.321897
1.931 0.321877
1.932 0.321856
1.933 0.321837
1.934 0.321819
1.935 0.321801
1.936 0.321784
1.937 0.32177
1.938 0.321752
1.939 0.321737
1.94 0.321722
1.941 0.321707
1.942 0.321694
1.943 0.32168
1.944 0.321665
1.945 0.321652
1.946 0.321611
1.947 0.321597
1.948 0.321586
1.949 0.321575
1.95 0.321559
1.951 0.321546
1.952 0.32154
1.953 0.321519
1.954 0.321508
1.955 0.321491
1.956 0.321502
1.957 0.321481
1.958 0.321457
1.959 0.321435
1.96 0.321415
1.961 0.321389
1.962 0.321364
1.963 0.321339
1.964 0.321314
1.965 0.321287
1.966 0.321251
1.967 0.321219
1.968 0.321192
1.969 0.321185
1.97 0.321136
1.971 0.321121
1.972 0.321072
1.973 0.321046
1.974 0.320995
1.975 0.320967
1.976 0.320925
1.977 0.32089
1.978 0.320829
1.979 0.320802
1.98 0.320779
1.981 0.32075
1.982 0.320736
1.983 0.320694
1.984 0.320667
1.985 0.320466
1.986 0.320447
1.987 0.320426
1.988 0.320405
1.989 0.320382
1.99 0.32034
1.991 0.320316
1.992 0.320293
1.993 0.32027
1.994 0.32025
1.995 0.320223
1.996 0.320198
1.997 0.320154
1.998 0.320116
1.999 0.320091
2 0.320067
2.001 0.319999
2.002 0.319973
2.003 0.319958
2.004 0.319942
2.005 0.319909
2.006 0.319884
2.007 0.319853
2.008 0.319829
2.009 0.319805
2.01 0.319775
2.011 0.319751
2.012 0.319725
2.013 0.319704
2.014 0.319678
2.015 0.319653
2.016 0.319629
2.017 0.319605
2.018 0.319585
2.019 0.319561
2.02 0.319537
2.021 0.319514
2.022 0.319491
2.023 0.319469
2.024 0.319448
2.025 0.319427
2.026 0.319406
2.027 0.319386
2.028 0.319366
2.029 0.319346
2.03 0.319335
2.031 0.319308
2.032 0.319263
2.033 0.319241
2.034 0.319227
2.035 0.319214
2.036 0.319173
2.037 0.319161
2.038 0.31915
2.039 0.319137
2.04 0.319079
2.041 0.319068
2.042 0.319056
2.043 0.319044
2.044 0.319035
2.045 0.319023
2.046 0.319014
2.047 0.319017
2.048 0.319006
2.049 0.318996
2.05 0.318979
2.051 0.318966
2.052 0.318952
2.053 0.318936
2.054 0.318919
2.055 0.318901
2.056 0.318882
2.057 0.318862
2.058 0.318842
2.059 0.31882
2.06 0.318797
2.061 0.318772
2.062 0.318749
2.063 0.318725
2.064 0.3187
2.065 0.318675
2.066 0.318652
2.067 0.318624
2.068 0.318598
2.069 0.318571
2.07 0.318546
2.071 0.31852
2.072 0.318494
2.073 0.318468
2.074 0.318441
2.075 0.318415
2.076 0.31839
2.077 0.318361
2.078 0.31834
2.079 0.318319
2.08 0.318293
2.081 0.31829
2.082 0.318245
2.083 0.318221
2.084 0.318198
2.085 0.318174
2.086 0.318149
2.087 0.318123
2.088 0.3181
2.089 0.318077
2.09 0.318049
2.091 0.318045
2.092 0.318006
2.093 0.317985
2.094 0.317961
2.095 0.317939
2.096 0.31792
2.097 0.317897
2.098 0.317878
2.099 0.317865
2.1 0.317805
2.101 0.317785
2.102 0.317766
2.103 0.317745
2.104 0.317729
2.105 0.317708
2.106 0.317689
2.107 0.317671
2.108 0.317652
2.109 0.317633
2.11 0.317615
2.111 0.317599
2.112 0.317581
2.113 0.317565
2.114 0.317548
2.115 0.317533
2.116 0.317517
2.117 0.3175
2.118 0.317482
2.119 0.317467
2.12 0.317451
2.121 0.317435
2.122 0.317419
2.123 0.317405
2.124 0.317391
2.125 0.317374
2.126 0.31736
2.127 0.317346
2.128 0.317332
2.129 0.317319
2.13 0.317306
2.131 0.317294
2.132 0.317279
2.133 0.317266
2.134 0.317252
2.135 0.317239
2.136 0.317225
2.137 0.317213
2.138 0.3172
2.139 0.317186
2.14 0.317172
2.141 0.317158
2.142 0.317143
2.143 0.317124
2.144 0.317111
2.145 0.317092
2.146 0.317078
2.147 0.317063
2.148 0.317039
2.149 0.317033
2.15 0.317014
2.151 0.31699
2.152 0.316975
2.153 0.316961
2.154 0.316942
2.155 0.316924
2.156 0.316904
2.157 0.316888
2.158 0.316868
2.159 0.316839
2.16 0.31682
2.161 0.316801
2.162 0.316781
2.163 0.316762
2.164 0.31676
2.165 0.316721
2.166 0.316696
2.167 0.316688
2.168 0.316665
2.169 0.316645
2.17 0.316625
2.171 0.316606
2.172 0.316586
2.173 0.316566
2.174 0.316543
2.175 0.316517
2.176 0.316497
2.177 0.316483
2.178 0.316455
2.179 0.316439
2.18 0.316408
2.181 0.316379
2.182 0.316361
2.183 0.316342
2.184 0.316323
2.185 0.316305
2.186 0.31627
2.187 0.316253
2.188 0.316237
2.189 0.316218
2.19 0.316201
2.191 0.316184
2.192 0.316166
2.193 0.31615
2.194 0.316116
2.195 0.316092
2.196 0.316077
2.197 0.316063
2.198 0.316049
2.199 0.316033
2.2 0.316021
2.201 0.315984
2.202 0.31597
2.203 0.31596
2.204 0.315959
2.205 0.315951
2.206 0.315946
2.207 0.315935
2.208 0.315925
2.209 0.315915
2.21 0.315905
2.211 0.315894
2.212 0.315884
2.213 0.315874
2.214 0.31586
2.215 0.315838
2.216 0.315829
2.217 0.315819
2.218 0.31581
2.219 0.315798
2.22 0.315786
2.221 0.315775
2.222 0.315764
2.223 0.315752
2.224 0.315738
2.225 0.315728
2.226 0.315716
2.227 0.315715
2.228 0.315695
2.229 0.315684
2.23 0.315674
2.231 0.315661
2.232 0.315654
2.233 0.315646
2.234 0.315633
2.235 0.315623
2.236 0.315611
2.237 0.315597
2.238 0.315586
2.239 0.315579
2.24 0.315564
2.241 0.315553
2.242 0.315541
2.243 0.315529
2.244 0.315516
2.245 0.315503
2.246 0.31549
2.247 0.315476
2.248 0.315463
2.249 0.315448
2.25 0.315431
2.251 0.315417
2.252 0.315401
2.253 0.315387
2.254 0.315372
2.255 0.315356
2.256 0.315342
2.257 0.315321
2.258 0.315305
2.259 0.315286
2.26 0.315267
2.261 0.31525
2.262 0.315232
2.263 0.315214
2.264 0.315196
2.265 0.315178
2.266 0.31516
2.267 0.315143
2.268 0.315124
2.269 0.315105
2.27 0.315087
2.271 0.315069
2.272 0.315052
2.273 0.315034
2.274 0.315017
2.275 0.314999
2.276 0.315002
2.277 0.314963
2.278 0.314948
2.279 0.314932
2.28 0.314916
2.281 0.314902
2.282 0.314886
2.283 0.31487
2.284 0.314856
2.285 0.314842
2.286 0.314845
2.287 0.314817
2.288 0.314805
2.289 0.314794
2.29 0.314784
2.291 0.314773
2.292 0.314763
2.293 0.314753
2.294 0.314744
2.295 0.314739
2.296 0.314726
2.297 0.314729
2.298 0.314703
2.299 0.314692
2.3 0.314688
2.301 0.31468
2.302 0.314673
2.303 0.314653
2.304 0.314683
2.305 0.314724
2.306 0.314774
2.307 0.314823
2.308 0.314822
2.309 0.314819
2.31 0.314819
2.311 0.314818
2.312 0.314818
2.313 0.314818
2.314 0.314817
2.315 0.314786
2.316 0.314784
2.317 0.314782
2.318 0.314779
2.319 0.314769
2.32 0.314632
2.321 0.314632
2.322 0.314629
2.323 0.314627
2.324 0.314624
2.325 0.3146
2.326 0.314592
2.327 0.314594
2.328 0.314592
2.329 0.31459
2.33 0.314588
2.331 0.314586
2.332 0.314583
2.333 0.31458
2.334 0.314577
2.335 0.314574
2.336 0.314571
2.337 0.314567
2.338 0.314563
2.339 0.314559
2.34 0.314549
2.341 0.314543
2.342 0.314529
2.343 0.314528
2.344 0.31452
2.345 0.31451
2.346 0.314514
2.347 0.3145
2.348 0.314497
2.349 0.314487
2.35 0.31448
2.351 0.314472
2.352 0.314435
2.353 0.314428
2.354 0.314423
2.355 0.314413
2.356 0.314404
2.357 0.314396
2.358 0.314386
2.359 0.314377
2.36 0.314367
2.361 0.314366
2.362 0.31434
2.363 0.314341
2.364 0.31432
2.365 0.314304
2.366 0.314294
2.367 0.314284
2.368 0.314254
2.369 0.314259
2.37 0.314241
2.371 0.314231
2.372 0.314223
2.373 0.314214
2.374 0.314208
2.375 0.314207
2.376 0.314196
2.377 0.314197
2.378 0.314186
2.379 0.314129
2.38 0.314112
2.381 0.314107
2.382 0.314084
2.383 0.314081
2.384 0.314083
2.385 0.314074
2.386 0.314071
2.387 0.314053
2.388 0.314051
2.389 0.314049
2.39 0.314046
2.391 0.314043
2.392 0.314037
2.393 0.314035
2.394 0.314029
2.395 0.314027
2.396 0.314025
2.397 0.314023
2.398 0.314028
2.399 0.314017
2.4 0.314015
2.401 0.314013
2.402 0.314011
2.403 0.314007
2.404 0.314006
2.405 0.313988
2.406 0.313985
2.407 0.313982
# 
2.4 0.314015
2.401 0.314013
2.402 0.314011
2.403 0.314007
2.404 0.314006
2.405 0.313988
2.406 0.313985
2.407 0.313982
2.408 0.313979
2.409 0.313974
2.41 0.313919
2.411 0.313917
2.412 0.313915
2.413 0.313915
2.414 0.313913
2.415 0.31391
2.416 0.313907
2.417 0.313904
2.418 0.313901
2.419 0.313897
2.42 0.313894
2.421 0.31389
2.422 0.313886
2.423 0.31388
2.424 0.313873
2.425 0.313875
2.426 0.313872
2.427 0.313861
2.428 0.313853
2.429 0.313846
2.43 0.313845
2.431 0.313837
2.432 0.313833
2.433 0.313829
2.434 0.31383
2.435 0.313813
2.436 0.313809
2.437 0.313807
2.438 0.3138
2.439 0.313797
2.44 0.313791
2.441 0.313786
2.442 0.313781
2.443 0.313773
2.444 0.313766
2.445 0.313759
2.446 0.313753
2.447 0.313746
2.448 0.313739
2.449 0.313733
2.45 0.31373
2.451 0.313722
2.452 0.313715
2.453 0.31371
2.454 0.313704
2.455 0.313697
2.456 0.313692
2.457 0.313682
2.458 0.313677
2.459 0.31367
2.46 0.313661
2.461 0.313653
2.462 0.313646
2.463 0.313633
2.464 0.313626
2.465 0.313617
2.466 0.313609
2.467 0.313601
2.468 0.313594
2.469 0.313584
2.47 0.313576
2.471 0.313567
2.472 0.313559
2.473 0.313549
2.474 0.31356
2.475 0.313533
2.476 0.313526
2.477 0.313515
2.478 0.313512
2.479 0.313506
2.48 0.3135
2.481 0.313496
2.482 0.31349
2.483 0.313486
2.484 0.313496
2.485 0.313477
2.486 0.313474
2.487 0.313472
2.488 0.313469
2.489 0.313467
2.49 0.313467
2.491 0.313407
2.492 0.313405
2.493 0.313404
2.494 0.313403
2.495 0.313409
2.496 0.313397
2.497 0.31339
2.498 0.313391
2.499 0.313396
2.5 0.313376
2.501 0.31342
2.502 0.313435
2.503 0.313447
2.504 0.313459
2.505 0.31347
2.506 0.313477
2.507 0.313486
2.508 0.313496
2.509 0.313506
2.51 0.313515
2.511 0.313524
2.512 0.313532
2.513 0.31354
2.514 0.313545
2.515 0.313553
2.516 0.313561
2.517 0.313567
2.518 0.313571
2.519 0.313577
2.52 0.313583
2.521 0.313587
2.522 0.313591
2.523 0.313596
2.524 0.313598
2.525 0.313602
2.526 0.313608
2.527 0.313608
2.528 0.31361
2.529 0.313612
2.53 0.313614
2.531 0.313615
2.532 0.313616
2.533 0.313617
2.534 0.313617
2.535 0.313616
2.536 0.313615
2.537 0.313612
2.538 0.313609
2.539 0.313606
2.54 0.313594
2.541 0.313595
2.542 0.313591
2.543 0.313586
2.544 0.313576
2.545 0.313581
2.546 0.313573
2.547 0.313566
2.548 0.313561
2.549 0.313556
2.55 0.313547
2.551 0.31354
2.552 0.313534
2.553 0.313529
2.554 0.313521
2.555 0.313514
2.556 0.313506
2.557 0.313498
2.558 0.31349
2.559 0.313493
2.56 0.31347
2.561 0.313469
2.562 0.313437
2.563 0.313449
2.564 0.313439
2.565 0.313422
2.566 0.313417
2.567 0.313411
2.568 0.313404
2.569 0.313392
2.57 0.313372
2.571 0.313372
2.572 0.313373
2.573 0.313373
2.574 0.313378
2.575 0.313378
2.576 0.313362
2.577 0.313362
2.578 0.313352
2.579 0.313353
2.58 0.313354
2.581 0.313332
2.582 0.313333
2.583 0.313333
2.584 0.31333
2.585 0.313328
2.586 0.313329
2.587 0.313316
2.588 0.313307
2.589 0.31331
2.59 0.313308
2.591 0.31331
2.592 0.313312
2.593 0.313313
2.594 0.313316
2.595 0.313325
2.596 0.31332
2.597 0.313323
2.598 0.313325
2.599 0.313328
2.6 0.313329
2.601 0.313335
2.602 0.313338
2.603 0.313341
2.604 0.313343
2.605 0.313346
2.606 0.313349
2.607 0.313352
2.608 0.313353
2.609 0.313355
2.61 0.313358
2.611 0.313344
2.612 0.313326
2.613 0.313327
2.614 0.313313
2.615 0.313315
2.616 0.313317
2.617 0.313318
2.618 0.31332
2.619 0.313321
2.62 0.313323
2.621 0.313323
2.622 0.313324
2.623 0.31333
2.624 0.313328
2.625 0.313324
2.626 0.313324
2.627 0.313321
2.628 0.313323
2.629 0.313323
2.63 0.313321
2.631 0.313333
2.632 0.313335
2.633 0.313333
2.634 0.313334
2.635 0.313335
2.636 0.313331
2.637 0.313328
2.638 0.313324
2.639 0.313322
2.64 0.313316
2.641 0.313311
2.642 0.313307
2.643 0.313299
2.644 0.313293
2.645 0.313287
2.646 0.313281
2.647 0.313275
2.648 0.313269
2.649 0.313263
2.65 0.313257
2.651 0.31325
2.652 0.31324
2.653 0.313233
2.654 0.313225
2.655 0.313219
2.656 0.313211
2.657 0.313203
2.658 0.313196
2.659 0.313189
2.66 0.313182
2.661 0.313171
2.662 0.313161
2.663 0.313152
2.664 0.313142
2.665 0.313134
2.666 0.313126
2.667 0.313117
2.668 0.313109
2.669 0.3131
2.67 0.313092
2.671 0.313104
2.672 0.313078
2.673 0.31307
2.674 0.313064
2.675 0.313058
2.676 0.313053
2.677 0.313043
2.678 0.313044
2.679 0.313044
2.68 0.313037
2.681 0.313034
2.682 0.31303
2.683 0.313046
2.684 0.313027
2.685 0.313026
2.686 0.313027
2.687 0.313024
2.688 0.313023
2.689 0.313023
2.69 0.313024
2.691 0.313027
2.692 0.313
2.693 0.312994
2.694 0.31298
2.695 0.313005
2.696 0.313033
2.697 0.31309
2.698 0.313149
2.699 0.313203
2.7 0.313258
2.701 0.313311
2.702 0.313363
2.703 0.313365
2.704 0.313369
2.705 0.313371
2.706 0.313369
2.707 0.313363
2.708 0.313368
2.709 0.313373
2.71 0.313377
2.711 0.313382
2.712 0.313386
2.713 0.313391
2.714 0.313396
2.715 0.313398
2.716 0.313403
2.717 0.31341
2.718 0.313366
2.719 0.313372
2.72 0.313374
2.721 0.313378
2.722 0.313378
2.723 0.313375
2.724 0.313374
2.725 0.313379
2.726 0.313382
2.727 0.313384
2.728 0.313388
2.729 0.313382
2.73 0.313385
2.731 0.313387
2.732 0.313389
2.733 0.31339
2.734 0.313391
2.735 0.313392
2.736 0.31339
2.737 0.313388
2.738 0.313358
2.739 0.313355
2.74 0.313355
2.741 0.313351
2.742 0.313356
2.743 0.313345
2.744 0.313345
2.745 0.313337
2.746 0.313333
2.747 0.313307
2.748 0.313308
2.749 0.313298
2.75 0.313292
2.751 0.313286
2.752 0.313274
2.753 0.31327
2.754 0.313266
2.755 0.313263
2.756 0.313265
2.757 0.313224
2.758 0.313209
2.759 0.313214
2.76 0.313207
2.761 0.313086
2.762 0.313091
2.763 0.313093
2.764 0.313097
2.765 0.313093
2.766 0.313095
2.767 0.313058
2.768 0.313046
2.769 0.313052
2.77 0.313055
2.771 0.313053
2.772 0.313059
2.773 0.313069
2.774 0.313073
2.775 0.313071
2.776 0.313074
2.777 0.313077
2.778 0.313089
2.779 0.313088
2.78 0.313095
2.781 0.313095
2.782 0.313097
2.783 0.3131
2.784 0.313104
2.785 0.313108
2.786 0.313112
2.787 0.313091
2.788 0.313083
2.789 0.313087
2.79 0.313088
2.791 0.313048
2.792 0.313052
2.793 0.313055
2.794 0.313059
2.795 0.313069
2.796 0.313075
2.797 0.313079
2.798 0.313082
2.799 0.313082
2.8 0.313084
2.801 0.313087
2.802 0.313086
2.803 0.313089
2.804 0.313091
2.805 0.313094
2.806 0.313096
2.807 0.313098
2.808 0.3131
2.809 0.313101
2.81 0.313102
2.811 0.313103
2.812 0.313104
2.813 0.313105
2.814 0.313105
2.815 0.313105
2.816 0.313104
2.817 0.313103
2.818 0.313101
2.819 0.3131
2.82 0.313103
2.821 0.313096
2.822 0.313102
2.823 0.313092
2.824 0.313089
2.825 0.31306
2.826 0.313056
2.827 0.313055
2.828 0.313029
2.829 0.31303
2.83 0.313028
2.831 0.313034
2.832 0.313028
2.833 0.312982
2.834 0.312983
2.835 0.312984
2.836 0.312983
2.837 0.312981
2.838 0.31298
2.839 0.31298
2.84 0.312979
2.841 0.312977
2.842 0.312975
2.843 0.312973
2.844 0.31297
2.845 0.312967
2.846 0.312963
2.847 0.312959
2.848 0.312954
2.849 0.312949
2.85 0.312946
2.851 0.312943
2.852 0.312939
2.853 0.312967
2.854 0.312966
2.855 0.312966
2.856 0.312964
2.857 0.312963
2.858 0.312963
2.859 0.312959
2.86 0.312956
2.861 0.312955
2.862 0.312952
2.863 0.312943
2.864 0.31294
2.865 0.312936
2.866 0.312934
2.867 0.312934
2.868 0.312932
2.869 0.31295
2.87 0.312931
2.871 0.312921
2.872 0.312923
2.873 0.31292
2.874 0.312919
2.875 0.31292
2.876 0.31292
2.877 0.312917
2.878 0.312916
2.879 0.312916
2.88 0.312916
2.881 0.312919
2.882 0.312928
2.883 0.312913
2.884 0.312916
2.885 0.312919
2.886 0.31292
2.887 0.312922
2.888 0.312923
2.889 0.312928
2.89 0.312928
2.891 0.312931
2.892 0.31291
2.893 0.312923
2.894 0.312918
2.895 0.312923
2.896 0.312926
2.897 0.312928
2.898 0.312933
2.899 0.312936
2.9 0.312941
2.901 0.312945
2.902 0.31295
2.903 0.312954
2.904 0.312956
2.905 0.31296
2.906 0.312964
2.907 0.312971
2.908 0.312972
2.909 0.312975
2.91 0.312979
2.911 0.312982
2.912 0.312984
2.913 0.312981
2.914 0.312983
2.915 0.312982
2.916 0.312983
2.917 0.312985
2.918 0.312985
2.919 0.312985
2.92 0.312981
2.921 0.312979
2.922 0.31298
2.923 0.312979
2.924 0.312978
2.925 0.312977
2.926 0.312977
2.927 0.312976
2.928 0.312975
2.929 0.312973
2.93 0.312972
2.931 0.31297
2.932 0.312967
2.933 0.312965
2.934 0.312963
2.935 0.312961
2.936 0.312959
2.937 0.312953
2.938 0.312947
2.939 0.312943
2.94 0.31294
2.941 0.312937
2.942 0.312927
2.943 0.312916
2.944 0.312911
2.945 0.312908
2.946 0.312904
2.947 0.312898
2.948 0.312894
2.949 0.312888
2.95 0.312885
2.951 0.31288
2.952 0.312871
2.953 0.312871
2.954 0.312886
2.955 0.312866
2.956 0.312862
2.957 0.312875
2.958 0.312843
2.959 0.312844
2.96 0.312814
2.961 0.312794
2.962 0.312808
2.963 0.312806
2.964 0.312803
2.965 0.312799
2.966 0.312794
2.967 0.312786
2.968 0.312769
2.969 0.312765
2.97 0.312762
2.971 0.312757
2.972 0.31276
2.973 0.312758
2.974 0.312749
2.975 0.312748
2.976 0.312744
2.977 0.31275
2.978 0.312742
2.979 0.312739
2.98 0.312738
2.981 0.312736
2.982 0.312736
2.983 0.312735
2.984 0.312735
2.985 0.312722
2.986 0.312723
2.987 0.312723
2.988 0.312723
2.989 0.312723
2.99 0.312724
2.991 0.312722
2.992 0.312728
2.993 0.312723
2.994 0.312725
2.995 0.312726
2.996 0.312727
2.997 0.312726
2.998 0.31273
2.999 0.312732
3 0.312734
3.001 0.312735
3.002 0.312736
3.003 0.312737
3.004 0.312738
3.005 0.312738
3.006 0.312739
3.007 0.312739
3.008 0.312736
3.009 0.312735
3.01 0.312734
3.011 0.312732
3.012 0.312729
3.013 0.312726
3.014 0.312722
3.015 0.312719
3.016 0.312715
3.017 0.312706
3.018 0.312701
3.019 0.312703
3.02 0.312692
3.021 0.31269
3.022 0.312682
3.023 0.312676
3.024 0.31267
3.025 0.312661
3.026 0.31266
3.027 0.312652
3.028 0.312647
3.029 0.312641
3.03 0.312634
3.031 0.312628
3.032 0.312623
3.033 0.312616
3.034 0.312608
3.035 0.312602
3.036 0.312598
3.037 0.312589
3.038 0.312581
3.039 0.312573
3.04 0.312564
3.041 0.312556
3.042 0.312546
3.043 0.312536
3.044 0.312529
3.045 0.312521
3.046 0.312511
3.047 0.312503
3.048 0.312494
3.049 0.312492
3.05 0.312484
3.051 0.312478
3.052 0.312472
3.053 0.312465
3.054 0.312458
3.055 0.312451
3.056 0.312444
3.057 0.312433
3.058 0.312424
3.059 0.312415
3.06 0.312408
3.061 0.312397
3.062 0.312386
3.063 0.312378
3.064 0.312361
3.065 0.312353
3.066 0.312343
3.067 0.31235
3.068 0.31232
3.069 0.312315
3.07 0.3123
3.071 0.312291
3.072 0.312282
3.073 0.312272
3.074 0.312263
3.075 0.312256
3.076 0.312247
3.077 0.312238
3.078 0.31224
3.079 0.312225
3.08 0.312214
3.081 0.312205
3.082 0.312159
3.083 0.312148
3.084 0.312144
3.085 0.312138
3.086 0.312131
3.087 0.312126
3.088 0.312123
3.089 0.312116
3.09 0.312119
3.091 0.312087
3.092 0.312085
3.093 0.312081
3.094 0.312079
3.095 0.312077
3.096 0.312074
3.097 0.312073
3.098 0.312069
3.099 0.312068
3.1 0.312066
3.101 0.312064
3.102 0.312062
3.103 0.312061
3.104 0.312059
3.105 0.31206
3.106 0.312054
3.107 0.312052
3.108 0.31205
3.109 0.312047
3.11 0.312044
3.111 0.312041
3.112 0.312037
3.113 0.312032
3.114 0.311891
3.115 0.311887
3.116 0.311877
3.117 0.311865
3.118 0.311849
3.119 0.311843
3.12 0.31183
3.121 0.311818
3.122 0.311811
3.123 0.311803
3.124 0.311795
3.125 0.311786
3.126 0.311778
3.127 0.311768
3.128 0.311759
3.129 0.31175
3.13 0.31174
3.131 0.31173
3.132 0.31172
3.133 0.311708
3.134 0.311698
3.135 0.311688
3.136 0.31168
3.137 0.311666
3.138 0.311646
3.139 0.311632
3.14 0.311626
3.141 0.311593
3.142 0.311586
3.143 0.311573
3.144 0.311563
3.145 0.311551
3.146 0.31154
3.147 0.311507
3.148 0.311496
3.149 0.311483
3.15 0.311474
3.151 0.311463
3.152 0.311438
3.153 0.311407
3.154 0.311404
3.155 0.311345
3.156 0.311338
3.157 0.311329
3.158 0.311311
3.159 0.3113
3.16 0.311273
3.161 0.311264
3.162 0.311252
3.163 0.311241
3.164 0.311206
3.165 0.311193
3.166 0.31118
3.167 0.311169
3.168 0.311157
3.169 0.31115
3.17 0.311139
3.171 0.311122
3.172 0.311111
3.173 0.311095
3.174 0.311086
3.175 0.311078
3.176 0.311061
3.177 0.311049
3.178 0.311038
3.179 0.311027
3.18 0.311017
3.181 0.311006
3.182 0.310996
3.183 0.310983
3.184 0.310925
3.185 0.310915
3.186 0.310907
3.187 0.310899
3.188 0.310891
3.189 0.310888
3.19 0.310873
3.191 0.310863
3.192 0.310855
3.193 0.310846
3.194 0.310837
3.195 0.310831
3.196 0.310823
3.197 0.310815
3.198 0.310807
3.199 0.310799
3.2 0.310792
3.201 0.310785
3.202 0.310776
3.203 0.310739
3.204 0.310731
3.205 0.310722
3.206 0.310713
3.207 0.310704
3.208 0.310695
3.209 0.310685
3.21 0.310674
3.211 0.310663
3.212 0.310652
3.213 0.31064
3.214 0.310629
3.215 0.310616
3.216 0.310603
3.217 0.310596
3.218 0.310576
3.219 0.310562
3.22 0.310547
3.221 0.31053
3.222 0.310516
3.223 0.310506
3.224 0.310485
3.225 0.310464
3.226 0.310445
3.227 0.310432
3.228 0.31041
3.229 0.310394
3.23 0.310381
3.231 0.310361
3.232 0.310346
3.233 0.310329
3.234 0.310311
3.235 0.310293
3.236 0.310275
3.237 0.310257
3.238 0.310239
3.239 0.310221
3.24 0.310202
3.241 0.310184
3.242 0.310166
3.243 0.310147
3.244 0.310127
3.245 0.310105
3.246 0.310081
3.247 0.310064
3.248 0.310046
3.249 0.310027
3.25 0.310006
3.251 0.309987
3.252 0.309967
3.253 0.309948
3.254 0.309927
3.255 0.309908
3.256 0.309885
3.257 0.309866
3.258 0.309843
3.259 0.30982
3.26 0.309796
3.261 0.309773
3.262 0.309746
3.263 0.309719
3.264 0.309718
3.265 0.309675
3.266 0.309655
3.267 0.30963
3.268 0.309609
3.269 0.309584
3.27 0.309561
3.271 0.309536
3.272 0.309513
3.273 0.309491
3.274 0.309471
3.275 0.309459
3.276 0.309426
3.277 0.309408
3.278 0.309383
3.279 0.309361
3.28 0.309284
3.281 0.309261
3.282 0.309235
3.283 0.309216
3.284 0.309195
3.285 0.309181
3.286 0.309155
3.287 0.309134
3.288 0.309114
3.289 0.309095
3.29 0.309072
3.291 0.309054
3.292 0.309032
3.293 0.309014
3.294 0.308995
3.295 0.308978
3.296 0.308959
3.297 0.308941
3.298 0.308924
3.299 0.308907
3.3 0.30889
3.301 0.308874
3.302 0.30886
3.303 0.308838
3.304 0.308821
3.305 0.308804
3.306 0.308787
3.307 0.30877
3.308 0.308753
3.309 0.308734
3.31 0.308713
3.311 0.308694
3.312 0.308674
3.313 0.308655
3.314 0.308635
3.315 0.308614
3.316 0.308592
3.317 0.308571
3.318 0.308544
3.319 0.308516
3.32 0.308493
3.321 0.308469
3.322 0.308444
3.323 0.308421
3.324 0.308396
3.325 0.308371
3.326 0.308346
3.327 0.308321
3.328 0.308295
3.329 0.30827
3.33 0.308243
3.331 0.308216
3.332 0.30819
3.333 0.308165
3.334 0.308137
3.335 0.30811
3.336 0.308083
3.337 0.308055
3.338 0.308024
3.339 0.307996
3.34 0.307964
3.341 0.30793
3.342 0.307905
3.343 0.307874
3.344 0.307846
3.345 0.307811
3.346 0.307778
3.347 0.307751
3.348 0.30772
3.349 0.307709
3.35 0.307646
3.351 0.307618
3.352 0.307592
3.353 0.307534
3.354 0.307506
3.355 0.307468
3.356 0.307442
3.357 0.307411
3.358 0.307379
3.359 0.307335
3.36 0.307301
3.361 0.307255
3.362 0.307218
3.363 0.307187
3.364 0.307155
3.365 0.307127
3.366 0.307094
3.367 0.307058
3.368 0.307008
3.369 0.306992
3.37 0.30696
3.371 0.306913
3.372 0.306872
3.373 0.30684
3.374 0.306807
3.375 0.306774
3.376 0.306743
3.377 0.306711
3.378 0.306679
3.379 0.306648
3.38 0.306617
3.381 0.306585
3.382 0.306554
3.383 0.306523
3.384 0.30648
3.385 0.306445
3.386 0.306415
3.387 0.306385
3.388 0.306355
3.389 0.306323
3.39 0.306293
3.391 0.306263
3.392 0.306232
3.393 0.306202
3.394 0.306172
3.395 0.306141
3.396 0.306111
3.397 0.306081
3.398 0.306051
3.399 0.306021
3.4 0.30599
3.401 0.30596
3.402 0.305929
3.403 0.305898
3.404 0.305866
3.405 0.305835
3.406 0.305803
3.407 0.305771
3.408 0.305738
3.409 0.305704
3.41 0.305663
3.411 0.305628
3.412 0.305594
3.413 0.305558
3.414 0.305522
3.415 0.305486
3.416 0.305456
3.417 0.305412
3.418 0.305374
3.419 0.305335
3.42 0.305297
3.421 0.305259
3.422 0.305219
3.423 0.30518
3.424 0.305141
3.425 0.305102
3.426 0.305063
3.427 0.305022
3.428 0.304987
3.429 0.304945
3.43 0.304902
3.431 0.304861
3.432 0.304813
3.433 0.304776
3.434 0.304734
3.435 0.30469
3.436 0.304647
3.437 0.304604
3.438 0.304561
3.439 0.304517
3.44 0.304474
3.441 0.304431
3.442 0.304379
3.443 0.30433
3.444 0.304285
3.445 0.304242
3.446 0.304196
3.447 0.30415
3.448 0.304104
3.449 0.304058
3.45 0.304012
3.451 0.303966
3.452 0.303919
3.453 0.303871
3.454 0.303825
3.455 0.303777
3.456 0.303728
3.457 0.303678
3.458 0.303647
3.459 0.303545
3.46 0.303498
3.461 0.303446
3.462 0.303397
3.463 0.303347
3.464 0.303296
3.465 0.303248
3.466 0.303194
3.467 0.303143
3.468 0.303092
3.469 0.303049
3.47 0.302991
3.471 0.302937
3.472 0.302885
3.473 0.302834
3.474 0.302781
3.475 0.30273
3.476 0.302681
3.477 0.302627
3.478 0.302583
3.479 0.302524
3.48 0.302471
3.481 0.302418
3.482 0.302369
3.483 0.302318
3.484 0.302246
3.485 0.302197
3.486 0.302147
3.487 0.302099
3.488 0.30205
3.489 0.302002
3.49 0.301953
3.491 0.301905
3.492 0.301857
3.493 0.301799
3.494 0.301754
3.495 0.301704
3.496 0.301656
3.497 0.301606
3.498 0.301559
3.499 0.301511
3.5 0.301464
