0.0     0.499777197838     0.499726653099     0.499777197838
0.005     0.49977684021     0.49972730875     0.49977684021
0.01     0.499775767326     0.499729186296     0.499775767326
0.015     0.499773859978     0.499732226133     0.499773830175
0.02     0.499771028757     0.499736338854     0.499771028757
0.025     0.499767422676     0.499741286039     0.499767333269
0.03     0.499762862921     0.499746888876     0.499762773514
0.035     0.499757319689     0.49975284934     0.49975720048
0.04     0.499750852585     0.499759018421     0.499750673771
0.045     0.4997433424     0.499764859676     0.499743163586
0.05     0.499734789133     0.499770134687     0.499734580517
0.055     0.499726653099     0.499774515629     0.499725967646
0.06     0.499741226435     0.499777436256     0.499740451574
0.065     0.499756366014     0.499778568745     0.499755442142
0.07     0.499772191048     0.499777346849     0.499771118164
0.075     0.499788314104     0.49977311492     0.499787151814
0.08     0.499804854393     0.499765127897     0.499803483486
0.085     0.499821424484     0.499752789736     0.499819904566
0.09     0.499838143587     0.499734997749     0.499836474657
0.095     0.499855011702     0.49971139431     0.499853134155
0.1     0.4998742342     0.499680876732     0.499872207642
0.105     0.499893188477     0.499643206596     0.499890953302
0.11     0.499911427498     0.499598443508     0.499909043312
0.115     0.499928951263     0.499545812607     0.499926537275
0.12     0.499945551157     0.499485343695     0.499942988157
0.125     0.499960929155     0.499416649342     0.499958276749
0.13     0.50002335012     0.499339133501     0.500018790364
0.135     0.500087141991     0.499252408743     0.500082433224
0.14     0.500151023269     0.499153763056     0.500146120787
0.145     0.5002143085     0.499042242765     0.50020930171
0.15     0.500277385116     0.498916834593     0.500272139907
0.155     0.500342950225     0.498777329922     0.500337615609
0.16     0.500407338142     0.498624026775     0.50040191412
0.165     0.500470176339     0.498457700014     0.500464782119
0.17     0.500531211495     0.498278260231     0.500525847077
0.175     0.500627160072     0.498084574938     0.500618755817
0.18     0.500748485327     0.497874438763     0.500740036368
0.185     0.500868201256     0.497645556927     0.500859767199
0.19     0.500986084342     0.497396677732     0.500977724791
0.195     0.501105666161     0.497126847506     0.501097172499
0.2     0.501223921776     0.49684125185     0.501215606928
0.205     0.501339539886     0.496538847685     0.501331433654
0.21     0.501452088356     0.496217876673     0.501444339752
0.215     0.501617923379     0.495872884989     0.501605331898
0.22     0.501797884703     0.495506465435     0.501785427332
0.225     0.501974567771     0.495116949081     0.501962393522
0.23     0.502149105072     0.494705855846     0.502136871219
0.235     0.502325043082     0.494270414114     0.502313166857
0.24     0.502495765686     0.493814647198     0.5024843961
0.245     0.502662047744     0.493333727121     0.502651244402
0.25     0.502885237336     0.492824614048     0.502866446972
0.255     0.50312282145     0.492294937372     0.503104373813
0.26     0.503357067704     0.491735816002     0.503339022398
0.265     0.503587350249     0.491151958704     0.503569111228
0.27     0.503816470504     0.490535914898     0.503798872232
0.275     0.504038229585     0.489899486303     0.50402136147
0.28     0.504275307059     0.48923432827     0.504245191813
0.285     0.50457058847     0.488544553518     0.504540845752
0.29     0.504861146212     0.487817376852     0.50483186543
0.295     0.505143880844     0.487066090107     0.505114242435
0.3     0.505426377058     0.486283510923     0.505397006869
0.305     0.505699634552     0.485477596521     0.505670964718
0.31     0.505968183279     0.484634548426     0.505939036608
0.315     0.506318107247     0.48376250267     0.506268694997
0.32     0.506657361984     0.482867270708     0.50660815835
0.325     0.506990656257     0.481932044029     0.506941333413
0.33     0.507320776582     0.480964481831     0.507270500064
0.335     0.507639884949     0.479977250099     0.50759011507
0.34     0.507951617241     0.478953927755     0.507902473211
0.345     0.5083463341     0.477895826101     0.508264645934
0.35     0.508729442954     0.476813703775     0.50864765048
0.355     0.509105339646     0.475694417953     0.509022817016
0.36     0.509476453066     0.474541693926     0.509391948581
0.365     0.509836927056     0.473359316587     0.509752437472
0.37     0.510191336274     0.472158014774     0.510099515319
0.375     0.510625705123     0.470914691687     0.510494828224
0.38     0.511047974229     0.4696380198     0.51091645658
0.385     0.511459574103     0.468333393335     0.511325791478
0.39     0.511861220002     0.46700668335     0.511724680662
0.395     0.512253388762     0.465641945601     0.512116193771
0.4     0.512657403946     0.464250862598     0.512494847178
0.405     0.513122051954     0.462826758623     0.512920871377
0.41     0.513572797179     0.461372345686     0.513370230794
0.415     0.514009326696     0.459902316332     0.513802602887
0.42     0.514439001679     0.458393245935     0.514228641987
0.425     0.514854699373     0.456859558821     0.514642879367
0.43     0.51530303061     0.455299675465     0.515042737126
0.435     0.515789493918     0.453709363937     0.515493705869
0.44     0.516257300973     0.45210647583     0.515959307551
0.445     0.516717299819     0.450468331575     0.516412481666
0.45     0.517164349556     0.448807001114     0.516855493188
0.455     0.517595648766     0.447126805782     0.517284616828
0.46     0.518083453178     0.445432722569     0.517697647214
0.465     0.518583416939     0.443751603365     0.518166959286
0.47     0.519063353539     0.442114919424     0.518643841147
0.475     0.51953600347     0.440510541201     0.519106969237
0.48     0.51999245584     0.438948273659     0.519559115171
0.485     0.520431607962     0.43743416667     0.519995480776
0.49     0.520954012871     0.435955166817     0.520414218307
0.495     0.521460205317     0.434500366449     0.520896270871
0.5     0.521946534514     0.43311882019     0.521377548575
0.505     0.522424116731     0.431745707989     0.521844029427
0.51     0.522883757949     0.430427700281     0.522299051285
0.515     0.523352757096     0.429118961096     0.522736698389
0.52     0.523879081011     0.427875041962     0.523155808449
0.525     0.524383217096     0.426635533571     0.523644030094
0.53     0.52487552166     0.425466388464     0.524128183722
0.535     0.525353059173     0.424305945635     0.524593710899
0.54     0.525811687112     0.423163503408     0.525047361851
0.545     0.526309713721     0.42208892107     0.525482282043
0.55     0.526830777526     0.421021431684     0.525897219777
0.555     0.527335762978     0.41996961832     0.526392817497
0.56     0.527826905251     0.418991297483     0.526872932911
0.565     0.528300434351     0.418011307716     0.527334079146
0.57     0.528754353523     0.417029619217     0.527782440186
0.575     0.52927467227     0.416137307882     0.528208404779
0.58     0.529793769121     0.415252625942     0.528625935316
0.585     0.530292868614     0.414373666048     0.52911940217
0.59     0.530778631568     0.413493365049     0.529592141509
0.595     0.531241416931     0.41271468997     0.530042827129
0.6     0.531701669097     0.411929190159     0.53048248589
0.605     0.532232761383     0.411149740219     0.530901938677
0.61     0.532742738724     0.410367935896     0.531322076917
0.615     0.533230930567     0.409660577774     0.531802624464
0.62     0.533706903458     0.408979743719     0.532265156507
0.625     0.534162044525     0.408298105001     0.532709106803
0.63     0.53463794291     0.407622218132     0.533134818077
0.635     0.535157307982     0.406943261623     0.533542588353
0.64     0.535655021667     0.406342804432     0.533963233232
0.645     0.536132916808     0.405766934156     0.534431546926
0.65     0.536595791578     0.405183792114     0.534881472588
0.655     0.537037149072     0.404608368874     0.535313531756
0.66     0.537530049682     0.404038906097     0.53572589159
0.665     0.538035154343     0.403471291065     0.536119565368
0.67     0.538518533111     0.402992904186     0.536540925503
0.675     0.538984194398     0.402516782284     0.536995112896
0.68     0.539432317019     0.402038574219     0.537430435419
0.685     0.53985978663     0.401565372944     0.537848994136
0.69     0.540368571877     0.401094257832     0.538246452808
0.695     0.540858849883     0.400620222092     0.538624808192
0.7     0.541325822473     0.40020096302     0.539045482874
0.705     0.54178057611     0.39981931448     0.539487823844
0.71     0.542213782668     0.39943677187     0.539908111095
0.715     0.542654514313     0.399061262608     0.540310353041
0.72     0.543151885271     0.398690700531     0.540695473552
0.725     0.543623954058     0.398317098618     0.541056200862
0.73     0.544081330299     0.397936820984     0.541483938694
0.735     0.544517993927     0.397560536861     0.541908502579
0.74     0.544935926795     0.397270858288     0.542314007878
0.745     0.545392856002     0.396989107132     0.542702838778
0.75     0.545874968171     0.396699965     0.543072983623
0.755     0.546334639192     0.396409511566     0.54342097044
0.76     0.546775355935     0.396133065224     0.543852195144
0.765     0.547199115157     0.395855128765     0.54426471889
0.77     0.54759824276     0.395574569702     0.544653728604
0.775     0.548074141145     0.395288288593     0.545030325651
0.78     0.548536926508     0.395006000996     0.545382797718
0.785     0.548981159925     0.394798994064     0.545737057924
0.79     0.549407497048     0.394604086876     0.546154260635
0.795     0.5498149544     0.394404947758     0.546551570296
0.8     0.550216108561     0.394205749035     0.546926856041
0.805     0.550684720278     0.394009530544     0.547285705805
0.81     0.551133871078     0.393818378448     0.547625094652
0.815     0.551560550928     0.393624782562     0.54798515141
0.82     0.551973000169     0.393428266048     0.548389807343
0.825     0.552360549569     0.393232345581     0.548769176006
0.83     0.552778586745     0.393037676811     0.549133658409
0.835     0.553229659796     0.392850637436     0.549477279186
0.84     0.553658261895     0.392729401588     0.549798890948
0.845     0.554072737694     0.39261251688     0.550170496106
0.85     0.554465040565     0.392497003078     0.55055680871
0.855     0.554837688804     0.39237844944     0.550923079252
0.86     0.555267363787     0.392255663872     0.551271572709
0.865     0.555701136589     0.392135262489     0.551599621773
0.87     0.55611550808     0.392021656036     0.551907449961
0.875     0.556512475014     0.391909599304     0.552286982536
0.88     0.556890487671     0.391792416573     0.5526599437
0.885     0.557249426842     0.391670584679     0.553008615971
0.89     0.557688951492     0.391553401947     0.553342819214
0.895     0.558108896017     0.39144128561     0.553657069802
0.9     0.558505877852     0.39134311676     0.553961187601
0.905     0.558886885643     0.391267359257     0.554338529706
0.91     0.559248447418     0.39121645689     0.554695531726
0.915     0.559623613954     0.391164600849     0.555030673742
0.92     0.560046821833     0.391115427017     0.555349498987
0.925     0.560450315475     0.391067445278     0.555648088455
0.93     0.560833439231     0.391016125679     0.555966541171
0.935     0.561198219657     0.390959978104     0.556328415871
0.94     0.561543256044     0.390909612179     0.55667001009
0.945     0.561935454607     0.390863060951     0.556992307305
0.95     0.562342390418     0.39081633091     0.557296052575
0.955     0.562729254365     0.390765190125     0.557579398155
0.96     0.563098177314     0.390711545944     0.557913854718
0.965     0.56344640255     0.390660941601     0.558260664344
0.97     0.563772678375     0.39061743021     0.558585077524
0.975     0.564184561372     0.390581965446     0.55889710784
0.98     0.564574837685     0.390549242496     0.559185966849
0.985     0.564944028854     0.390516340733     0.559454351664
0.99     0.565297827125     0.390496850014     0.559803619981
0.995     0.565631970763     0.390505194664     0.560137793422
1.0     0.565971374512     0.390516340733     0.560448929667
1.005     0.56636749208     0.390525519848     0.560744941235
1.01     0.566740900278     0.390524685383     0.561019077897
1.015     0.567098259926     0.390518724918     0.561302408576
1.02     0.567435249686     0.390518903732     0.561642080545
1.025     0.567750096321     0.390533924103     0.561958998442
1.03     0.568106174469     0.390545964241     0.562257677317
1.035     0.568484902382     0.390547633171     0.562538743019
1.04     0.568843498826     0.390542566776     0.562799498439
1.045     0.569183811545     0.390541255474     0.56310030818
1.05     0.569503560662     0.390548348427     0.563424915075
1.055     0.56980098784     0.390557467937     0.563726678491
1.06     0.570177048445     0.390569925308     0.564014837146
1.065     0.570538058877     0.390574872494     0.564280822873
1.07     0.570877790451     0.390582084656     0.564524620771
1.075     0.57120230794     0.390604555607     0.564845129848
1.08     0.571504831314     0.390627205372     0.565154284239
1.085     0.571810603142     0.390643835068     0.565441951156
1.09     0.572179451585     0.390666842461     0.565716743469
1.095     0.572523236275     0.390688538551     0.565967589617
1.1     0.572848647833     0.39071303606     0.566220030189
1.105     0.573156252503     0.390747904778     0.566536426544
1.11     0.573441639543     0.390797495842     0.56682997942
1.115     0.573769822717     0.390835762024     0.567106842995
1.12     0.574119076133     0.390870988369     0.567364260554
1.125     0.574445828795     0.390911221504     0.567599356174
1.13     0.574756979942     0.390958189964     0.567873105407
1.135     0.575047746301     0.391011118889     0.568173453212
1.14     0.57531799376     0.391054868698     0.568452954292
1.145     0.575665131211     0.391091525555     0.568715021014
1.15     0.575997337699     0.39112663269     0.568956598639
1.155     0.576308459044     0.391166210175     0.569175675511
1.16     0.576604232192     0.391214728355     0.569471850991
1.165     0.576877936721     0.391257584095     0.569755986333
1.17     0.577162161469     0.391302108765     0.570020660758
1.175     0.577499851584     0.391345500946     0.570268377662
1.18     0.57781471312     0.391391396523     0.57049369812
1.185     0.57811139524     0.391444861889     0.570726022124
1.19     0.578389853239     0.391499519348     0.571016654372
1.195     0.578647747636     0.391546666622     0.571286067367
1.2     0.578953266144     0.391600728035     0.571535646915
1.205     0.579273313284     0.391654908657     0.57176707685
1.21     0.579570427537     0.391709446907     0.57197612524
1.215     0.579852342606     0.391770839691     0.57223393023
1.22     0.580113053322     0.391827642918     0.572507858276
1.225     0.580357208848     0.39188593626     0.572760924697
1.23     0.580682262778     0.391946732998     0.57299759984
1.235     0.58098423481     0.392004787922     0.573212891817
1.24     0.581265717745     0.392060875893     0.57341273129
1.245     0.581530809402     0.392124354839     0.573689356446
1.25     0.581775173545     0.392197668552     0.573948457837
1.255     0.582041651011     0.392266750336     0.574185729027
1.26     0.5823482126     0.392332911491     0.574406757951
1.265     0.582631796598     0.392397165298     0.574605345726
1.27     0.582898154855     0.392460942268     0.574829056859
1.275     0.583144873381     0.392516314983     0.575092464685
1.28     0.583370313048     0.39257401228     0.575334489346
1.285     0.583661675453     0.392642199993     0.575558513403
1.29     0.583949193358     0.392716050148     0.575762733817
1.295     0.584214448929     0.392796695232     0.575944393873
1.3     0.584464460611     0.392875552177     0.576196357608
1.305     0.584693640471     0.392956197262     0.576444104314
1.31     0.584924459457     0.39303123951     0.576668530703
1.315     0.585215568542     0.393100082874     0.576877906919
1.32     0.585483565927     0.393165051937     0.57706476748
1.325     0.585733026266     0.393228411674     0.577258527279
1.33     0.585965290666     0.393289744854     0.577511847019
1.335     0.586173072457     0.393372058868     0.577740177512
1.34     0.586431279778     0.393447577953     0.577950403094
1.345     0.58670258522     0.393513679504     0.578141987324
1.35     0.58695089817     0.393591165543     0.578310862184
1.355     0.587185382843     0.393668234348     0.578537240624
1.36     0.587396129966     0.393753826618     0.578770488501
1.365     0.587596878409     0.393836915493     0.578980877995
1.37     0.587871104479     0.393910527229     0.579176113009
1.375     0.588122144341     0.393981575966     0.579349219799
1.38     0.588355049491     0.394048571587     0.579519912601
1.385     0.588568344712     0.394118189812     0.579757913947
1.39     0.588759049773     0.39419490099     0.579972207546
1.395     0.588990211487     0.394269585609     0.580167323351
1.4     0.589244008064     0.394331336021     0.580344334245
1.405     0.58947634697     0.394391298294     0.580499485135
1.41     0.589691385627     0.394466340542     0.580702200532
1.415     0.589884608984     0.394551277161     0.580920696259
1.42     0.590060606599     0.394639134407     0.58111590147
1.425     0.590317353606     0.394727945328     0.581295773387
1.43     0.590552210808     0.394814729691     0.581454604864
1.435     0.590765148401     0.394881665707     0.58160315454
1.44     0.590960264206     0.394953608513     0.58182542026
1.445     0.591132298112     0.395042181015     0.582024008036
1.45     0.59134221077     0.395117640495     0.582202941179
1.455     0.591579213738     0.395193397999     0.582364872098
1.46     0.591791048646     0.395265758038     0.582502305508
1.465     0.591986685991     0.395314514637     0.582686305046
1.47     0.592160612345     0.395389735699     0.582888111472
1.475     0.592320069671     0.395464837551     0.583067476749
1.48     0.59255734086     0.395549237728     0.583229899406
1.485     0.592770949006     0.395631968975     0.583369985223
1.49     0.592964276671     0.395695269108     0.583503335714
1.495     0.59313929081     0.395774245262     0.583707660437
1.5     0.593292027712     0.395872890949     0.583889260888
1.505     0.593486785889     0.395965099335     0.584050148726
1.51     0.593701854348     0.396055936813     0.584192350507
1.515     0.593893140554     0.396123945713     0.584310978651
1.52     0.594069361687     0.396184563637     0.584484145045
1.525     0.594221621752     0.396275997162     0.584666594863
1.53     0.594367295504     0.396371543407     0.584825828671
1.535     0.59458348155     0.396451413631     0.584969207644
1.54     0.594776630402     0.39653134346     0.585090190172
1.545     0.594948381186     0.396542906761     0.585214927793
1.55     0.595100745559     0.396602034569     0.585399091244
1.555     0.595229506493     0.396685242653     0.585559159517
1.56     0.595416888595     0.396774113178     0.585701525211
1.565     0.595609068871     0.396879196167     0.585822463036
1.57     0.595777511597     0.396925568581     0.585919260979
1.575     0.595929414034     0.39696854353     0.586086854339
1.58     0.596058607101     0.397069215775     0.586248889565
1.585     0.596199288964     0.397186040878     0.586387202144
1.59     0.596391573548     0.397268116474     0.58650842309
1.595     0.596559405327     0.397353887558     0.586605787277
1.6     0.596709027886     0.397379636765     0.586730927229
1.605     0.596836566925     0.397460460663     0.586892187595
1.61     0.596940129995     0.397567451     0.587029024959
1.615     0.597125560045     0.397654771805     0.587149605155
1.62     0.597292646766     0.3977201581     0.587247207761
1.625     0.597437381744     0.397703766823     0.587330177426
1.63     0.597563758492     0.397743582726     0.587490484118
1.635     0.597666725516     0.397846281528     0.587628275156
1.64     0.597808465362     0.397940814495     0.58774510026
1.645     0.597974523902     0.398005485535     0.587842345238
1.65     0.598115935922     0.398059844971     0.587915122509
1.655     0.598240852356     0.398078620434     0.588045433164
1.66     0.598341360688     0.398175001144     0.588182196021
1.665     0.598441705108     0.398327231407     0.588295564055
1.67     0.598607420921     0.398430883884     0.5883923769
1.675     0.598747044802     0.398486673832     0.588464125991
1.68     0.598866596818     0.398450016975     0.588555544615
1.685     0.598964944482     0.398543298244     0.588691607118
1.69     0.599038958549     0.398696541786     0.588803485036
1.695     0.599189639091     0.398805737495     0.588896557689
1.7     0.599327325821     0.398869037628     0.588967114687
1.705     0.599442735314     0.398834586143     0.589022815228
1.71     0.599538192153     0.398850858212     0.589157551527
1.715     0.599608793855     0.398976564407     0.589267149568
1.72     0.599723726511     0.399107277393     0.589356660843
1.725     0.599858731031     0.399192690849     0.589425325394
1.73     0.599968567491     0.39920014143     0.589469179511
1.735     0.600060597062     0.399167656898     0.589578926563
1.74     0.600128650665     0.399267196655     0.589687466621
1.745     0.600208133459     0.399405658245     0.589772030711
1.75     0.600340262055     0.399549543858     0.589838638902
1.755     0.600447654724     0.399592578411     0.589880853891
1.76     0.600534453988     0.399538040161     0.589957639575
1.765     0.60059902072     0.399585485458     0.59006331861
1.77     0.600645676255     0.399777412415     0.590144649148
1.775     0.600774645805     0.399956464767     0.5902082026
1.78     0.600877895951     0.40003579855     0.59024772048
1.785     0.600960373878     0.400019109249     0.590293139219
1.79     0.601021140814     0.399974822998     0.590396374464
1.795     0.601056486368     0.400113463402     0.590474352241
1.8     0.601161852479     0.400245726109     0.590533658862
1.805     0.601261839271     0.400445282459     0.59056994319
1.81     0.601338297129     0.400572299957     0.59058701992
1.815     0.601395115256     0.400371670723     0.590685889125
1.82     0.601426467299     0.400372505188     0.590761452913
1.825     0.601502433419     0.400598943233     0.590815261006
1.83     0.601598843932     0.400802493095     0.590847894549
1.835     0.601670295     0.400887191296     0.59085483849
1.84     0.601722583175     0.400736093521     0.590934157372
1.845     0.601749166846     0.400782227516     0.591006070375
1.85     0.601798906922     0.400948047638     0.591054946184
1.855     0.601891070604     0.401064872742     0.591083750129
1.86     0.601957336068     0.401318430901     0.591086953878
1.865     0.602004155517     0.401577889919     0.591142207384
1.87     0.602026119828     0.401446819305     0.591210708022
1.875     0.602050676942     0.401467263699     0.591254383326
1.88     0.602139025927     0.40159958601     0.591279476881
1.885     0.602200642228     0.401781857014     0.591279029846
1.89     0.602241069078     0.402023434639     0.591311603785
1.895     0.602258309722     0.402016997337     0.591377258301
1.9     0.602260351181     0.401817917824     0.591416373849
1.905     0.602343589067     0.401908159256     0.591437235475
1.91     0.602400690317     0.40211045742     0.591433212161
1.915     0.602435231209     0.402249693871     0.591445118189
1.92     0.602447375655     0.40236055851     0.591507136822
1.925     0.602433785796     0.402256727219     0.591542825103
1.93     0.602507501841     0.402310788631     0.591559156775
1.935     0.60255946219     0.402565181255     0.591551691294
1.94     0.602588549256     0.402770459652     0.591544464231
1.945     0.602596074343     0.402942121029     0.591603055596
1.95     0.602578058839     0.403154551983     0.591635257006
1.955     0.602632656693     0.403100192547     0.591647267342
1.96     0.602680101991     0.40308624506     0.591636314988
1.965     0.602703914046     0.403301656246     0.591611266136
1.97     0.602707237005     0.403554260731     0.59166701138
1.975     0.602684646845     0.403855741024     0.591696053743
1.98     0.602721571922     0.403911888599     0.591703936458
1.985     0.602765321732     0.403821706772     0.591689661145
1.99     0.602784499526     0.403920471668     0.591650918126
1.995     0.602783665061     0.404101908207     0.591701239347
2.0     0.602756753564     0.404420733452     0.591727539897
2.005     0.602778092027     0.404724836349     0.591731593013
2.01     0.602817922831     0.404571890831     0.59171448648
2.015     0.602832943201     0.404609143734     0.59167137742
2.02     0.602828145027     0.404904603958     0.591708600521
2.025     0.602797612548     0.405035316944     0.591732114553
2.03     0.602804556489     0.405375540257     0.5917327106
2.035     0.602841049433     0.405646264553     0.59171281755
2.04     0.602852016687     0.405372858047     0.591667190194
2.045     0.602843508124     0.405546665192     0.591691344976
2.05     0.602809309959     0.405807435513     0.591712385416
2.055     0.602803319693     0.40594547987     0.591709926724
2.06     0.602836996317     0.406290113926     0.591687425971
2.065     0.6028444767     0.406297564507     0.591639190912
2.07     0.60283254087     0.4061845541     0.591651663184
2.075     0.602794870734     0.406490921974     0.591670900583
2.08     0.602777510881     0.406709611416     0.591665610671
2.085     0.602808237076     0.407057821751     0.591641202569
2.09     0.602812796831     0.407462418079     0.591590434313
2.095     0.602797493339     0.407364785671     0.591592699289
2.1     0.602757200599     0.407145917416     0.591610074043
2.105     0.60272911191     0.407403171062     0.591602683067
2.11     0.602757573128     0.407749772072     0.591576352715
2.115     0.602759629488     0.40817284584     0.591524168849
2.12     0.602741390467     0.40854203701     0.591516569257
2.125     0.60269831121     0.408382833004     0.591532841325
2.13     0.602661237121     0.408278763294     0.591523632407
2.135     0.602687358856     0.408454596996     0.591496229172
2.14     0.602687373757     0.408803403378     0.591442540288
2.145     0.602666601539     0.409331321716     0.591426447034
2.15     0.602621644735     0.40965628624     0.591441825032
2.155     0.60257601738     0.409559190273     0.591431468725
2.16     0.602600455284     0.40967464447     0.591403082013
2.165     0.602598890662     0.409765899181     0.59134913981
2.17     0.60257615149     0.41005396843     0.591324552894
2.175     0.602529257536     0.410585939884     0.591339766979
2.18     0.602475866675     0.410907387733     0.591328963637
2.185     0.602499216795     0.411002099514     0.591300070286
2.19     0.602496415377     0.411057889462     0.591245651245
2.195     0.602472171187     0.411147236824     0.591213732958
2.2     0.602424368262     0.411432623863     0.591228976846
2.205     0.602363571525     0.411902010441     0.591218203306
2.21     0.602386012673     0.412341594696     0.591189086437
2.215     0.602382555604     0.412420451641     0.591135427356
2.22     0.602357044816     0.412410736084     0.591095969081
2.225     0.602308496833     0.412615656853     0.591111794114
2.23     0.602240800858     0.413000941277     0.591101750731
2.235     0.602262988687     0.4133862257     0.591072887182
2.24     0.602259248495     0.413874387741     0.591019719839
2.245     0.602233275771     0.414074897766     0.590973198414
2.25     0.602184146643     0.414026737213     0.59099034965
2.255     0.602110132575     0.414254307747     0.590981453657
2.26     0.602132305503     0.414540410042     0.590953230858
2.265     0.602128639817     0.414778590202     0.590901777148
2.27     0.602102294564     0.415247440338     0.590847849846
2.275     0.602053746581     0.41577398777     0.590866610408
2.28     0.601978868246     0.415699720383     0.590859621763
2.285     0.601995721459     0.415789961815     0.590832307935
2.29     0.601992577314     0.415965080261     0.590782642365
2.295     0.60196660459     0.416118264198     0.590721383691
2.3     0.60191835463     0.416595697403     0.590742349625
2.305     0.601844191551     0.4172488451     0.590737581253
2.31     0.601855054498     0.417235612869     0.590712085366
2.315     0.601852804422     0.417176365852     0.590664431453
2.32     0.601827397943     0.417333483696     0.590595722198
2.325     0.601780176163     0.417603373528     0.590619236231
2.33     0.601707115769     0.418001770973     0.590617001057
2.335     0.601711988449     0.418722391129     0.590593487024
2.34     0.601711049676     0.418911099434     0.590548604727
2.345     0.601686522365     0.418879628181     0.590478822589
2.35     0.601641088724     0.419145941734     0.590498283505
2.355     0.60156917572     0.419388532639     0.590499058366
2.36     0.601567879319     0.419726729393     0.590477794409
2.365     0.601568713784     0.42028939724     0.590436458588
2.37     0.601545467973     0.42057621479     0.590369552374
2.375     0.601501762867     0.42048060894     0.590380847454
2.38     0.601432353258     0.420786261559     0.590385004878
2.385     0.601424098015     0.421119332314     0.590366229415
2.39     0.601427003741     0.421389102936     0.590328350663
2.395     0.601405486465     0.421778798103     0.590265020728
2.4     0.601364001632     0.421884059906     0.590267583728
2.405     0.601296901703     0.421627402306     0.590275406837
2.41     0.601281970739     0.421766519547     0.590259596705
2.415     0.60128736496     0.422338962555     0.590225473046
2.42     0.601268112659     0.422638297081     0.590166583657
2.425     0.601229041815     0.423047423363     0.590159311891
2.43     0.601164773107     0.423344373703     0.590171247721
2.435     0.601142719388     0.423205494881     0.590158730745
2.44     0.601151123643     0.423288941383     0.590128675103
2.445     0.601134106517     0.42352604866     0.590073645115
2.45     0.601098164916     0.423772573471     0.590056687593
2.455     0.60103712976     0.424490451813     0.590073078871
2.46     0.601007550955     0.424996852875     0.590064451098
2.465     0.601019188762     0.42462348938     0.590038523078
2.47     0.601005315781     0.42452943325     0.589988023043
2.475     0.600972309709     0.424778580666     0.589960336685
2.48     0.600914821029     0.425202250481     0.589981392026
2.485     0.600877255201     0.425791025162     0.589977398515
2.49     0.600892543793     0.425807714462     0.589955165982
2.495     0.600882261992     0.425238728523     0.589909538627
2.5     0.600852414966     0.425238132477     0.589870512486
2.505     0.600798279047     0.425837635994     0.589896515012
2.51     0.600752606988     0.426434159279     0.589897423983
2.515     0.600771740079     0.426840305328     0.589879140258
2.52     0.600765585899     0.426198482513     0.589838683605
2.525     0.600739076734     0.425656199455     0.589787483215
2.53     0.600689068437     0.425991296768     0.589818716049
2.535     0.600634291768     0.426586985588     0.589824780822
2.54     0.600657552481     0.427002072334     0.589810624719
2.545     0.600655734539     0.427402853966     0.589775621891
2.55     0.600632801652     0.427525877953     0.589716881514
2.555     0.600587099791     0.427067279816     0.589748203754
2.56     0.600522756577     0.427087187767     0.589759752154
2.565     0.600550472736     0.427584409714     0.589749857783
2.57     0.60055321455     0.427911520004     0.589720442891
2.575     0.600534021854     0.428102612495     0.589666366577
2.58     0.600493147969     0.427619338036     0.589685082436
2.585     0.600427538157     0.427382349968     0.589702382684
2.59     0.600450828671     0.427748084068     0.589696928859
2.595     0.600458353758     0.428439736366     0.589673131704
2.6     0.600443139672     0.42878985405     0.589624643326
2.605     0.600407391787     0.428746461868     0.58962932229
2.61     0.600346431136     0.428515434265     0.589652583003
2.615     0.600358992815     0.4286673069     0.589651733637
2.62     0.60037150979     0.429075717926     0.589633405209
2.625     0.600360617042     0.429350614548     0.589591294527
2.63     0.600329771638     0.429829955101     0.589581057429
2.635     0.600274518132     0.430353999138     0.589610189199
2.64     0.600275412202     0.42996263504     0.589614704251
2.645     0.600292861462     0.430022358894     0.589601740241
2.65     0.600286468863     0.430498838425     0.589565575123
2.655     0.600261151791     0.430891633034     0.589539840817
2.66     0.600211009383     0.43147611618     0.589575394988
2.665     0.600199729204     0.431975722313     0.589585900307
2.67     0.600222796202     0.431635022163     0.589577689767
2.675     0.600221320987     0.431589126587     0.589548140764
2.68     0.600201115012     0.431851506233     0.589506149292
2.685     0.600156918168     0.432250022888     0.589547678828
2.69     0.600132346153     0.432667732239     0.58956463635
2.695     0.600160986185     0.432631373405     0.5895614326
2.7     0.600165143609     0.432527899742     0.589538097382
2.705     0.600149810314     0.432594180107     0.589490517974
2.71     0.600111022592     0.432881593704     0.589527145028
2.715     0.600072607398     0.433375358582     0.589550405741
2.72     0.600107371807     0.433909416199     0.589552089572
2.725     0.600117176771     0.434336543083     0.589535325766
2.73     0.600106522441     0.433976531029     0.589493945241
2.735     0.600073799491     0.433983564377     0.58951292932
2.74     0.600020796061     0.43415415287     0.589542850852
2.745     0.600061386824     0.434549450874     0.589549511671
2.75     0.600076988339     0.435123562813     0.589538961649
2.755     0.600071191788     0.435146808624     0.589504346251
2.76     0.600044205785     0.434575676918     0.589505165815
2.765     0.59999294579     0.434728741646     0.589541435242
2.77     0.600023075938     0.435050725937     0.589553773403
2.775     0.600044518709     0.435608863831     0.589548870921
2.78     0.600043520331     0.435973286629     0.589520573616
2.785     0.600022554398     0.436143040657     0.589502990246
2.79     0.59997753799     0.435842633247     0.589545860887
2.795     0.599992021918     0.435821771622     0.589564561844
2.8     0.60001963377     0.436039090157     0.589564353228
2.805     0.600023418665     0.436387181282     0.589542612433
2.81     0.60000886023     0.436913967133     0.58950561285
2.815     0.599969878793     0.436512231827     0.589555606246
2.82     0.599968105555     0.436271309853     0.589580863714
2.825     0.600002035499     0.436405420303     0.589585348964
2.83     0.600011184812     0.436828136444     0.589570239186
2.835     0.600002393126     0.437349438667     0.589531391859
2.84     0.59996971488     0.437576055527     0.589570611715
2.845     0.599950745702     0.436609268188     0.589602321386
2.85     0.599991291761     0.436443209648     0.589611709118
2.855     0.600006774068     0.437031626701     0.589603304863
2.86     0.600003048778     0.437531709671     0.589571297169
2.865     0.599976703525     0.437977790833     0.589590579271
2.87     0.599940359592     0.438098907471     0.589628845453
2.875     0.599987417459     0.437974333763     0.589643344283
2.88     0.600009441376     0.438171863556     0.589641481638
2.885     0.600010633469     0.438638567924     0.589616313577
2.89     0.599990919232     0.439325451851     0.589614957571
2.895     0.599946320057     0.439574480057     0.589660272002
2.9     0.599990174174     0.439430713654     0.589681118727
2.905     0.600018754601     0.439156651497     0.589684769511
2.91     0.600024953485     0.439345359802     0.589666247368
2.915     0.600011587143     0.439657568932     0.589644223452
2.92     0.599973633885     0.440052270889     0.589696466923
2.925     0.599999278784     0.440312981606     0.589724242687
2.93     0.600034505129     0.439932823181     0.58973275125
2.935     0.600045800209     0.439837217331     0.589721113443
2.94     0.600038766861     0.440001487732     0.589684858918
2.945     0.600007638335     0.44072508812     0.589737102389
2.95     0.600014314055     0.441104769707     0.589771926403
2.955     0.600056454539     0.441205620766     0.589785307646
2.96     0.60007339716     0.440994143486     0.589780405164
2.965     0.600072205067     0.441012620926     0.589751005173
2.97     0.600047722459     0.441064596176     0.589782059193
2.975     0.6000354141     0.44133245945     0.589823812246
2.98     0.600083947182     0.44175696373     0.589842066169
2.985     0.600107863545     0.442036867142     0.589843869209
2.99     0.600111722946     0.441618919373     0.589821353555
2.995     0.600093826652     0.441653728485     0.589831069112
3.0     0.600061893463     0.442026257515     0.589879617095
3.005     0.600117653608     0.442340016365     0.58990393579
3.01     0.600148156285     0.442605257034     0.589911431074
3.015     0.600157335401     0.442804694176     0.589896023273
3.02     0.60014604032     0.442447543144     0.589884310961
3.025     0.60011062026     0.442732810974     0.589939638972
3.03     0.600157141685     0.44314956665     0.589970842004
3.035     0.600194469094     0.443548321724     0.589983195066
3.04     0.600209027529     0.443680882454     0.589974746108
3.045     0.600204512477     0.443804621696     0.589943811297
3.05     0.600175783038     0.443464517593     0.590003892779
3.055     0.600202381611     0.44374871254     0.590041875839
3.06     0.600246965885     0.444180488586     0.590059280396
3.065     0.600266933441     0.444533228874     0.590057834983
3.07     0.60026909411     0.444727659225     0.59003265202
3.075     0.600247293711     0.444967150688     0.590072512627
3.08     0.600254029036     0.44514632225     0.590117439628
3.085     0.600305661559     0.445265293121     0.590139865875
3.09     0.600332304835     0.445483565331     0.590145409107
3.095     0.600340202451     0.445585370064     0.590127304196
3.1     0.600325539708     0.445437312126     0.590145289898
3.105     0.600312039256     0.445438027382     0.590197712183
3.11     0.600370496511     0.445412755013     0.59022590518
3.115     0.600404590368     0.445589780807     0.590237870812
3.12     0.60041795671     0.445997238159     0.590226992965
3.125     0.600410223007     0.446195840836     0.590223520994
3.13     0.600378394127     0.446290969849     0.590282872319
3.135     0.600442454219     0.446286320686     0.590318411589
3.14     0.600483492017     0.446121692657     0.590335637331
3.145     0.600502759218     0.446251273155     0.590331971645
3.15     0.600502178073     0.446543097496     0.590307623148
3.155     0.600477576256     0.446799993515     0.590373814106
3.16     0.600521042943     0.446713209152     0.590416535735
3.165     0.600569874048     0.446388244629     0.590439364314
3.17     0.600594907999     0.446501612663     0.590443015099
3.175     0.600601568818     0.446810126305     0.590423256159
3.18     0.600584372878     0.447052598     0.590470790863
3.185     0.600607424974     0.447129011154     0.590520918369
3.19     0.600663885474     0.446985125542     0.590549334884
3.195     0.600695490837     0.446948766708     0.590560376644
3.2     0.600709035993     0.447231769562     0.590548083186
3.205     0.600699454546     0.447569489479     0.590574145317
3.21     0.600701853633     0.447786808014     0.590631961823
3.215     0.600766092539     0.44786465168     0.590666636825
3.22     0.600805640221     0.447889089584     0.590684771538
3.225     0.600825250149     0.44773876667     0.590680077672
3.23     0.600823372602     0.447955727577     0.59068466723
3.235     0.600805550814     0.448240995407     0.590750649571
3.24     0.600877270103     0.448421001434     0.590792775154
3.245     0.600924864411     0.448618173599     0.590816736221
3.25     0.600950941443     0.448481202126     0.590819895267
3.255     0.600956827402     0.448376059532     0.590803384781
3.26     0.600938856602     0.448543071747     0.590877443552
3.265     0.600998550653     0.448772311211     0.590927377343
3.27     0.601054340601     0.449053883553     0.590957283974
3.275     0.601086959243     0.449287772179     0.590968281031
3.28     0.601100891829     0.449355840683     0.590955942869
3.285     0.601091250777     0.449041008949     0.59101292491
3.29     0.601130917668     0.448871850967     0.591071292758
3.295     0.601194635034     0.449328422546     0.591107144952
3.3     0.601234689355     0.449716687202     0.591126263142
3.305     0.601256608963     0.449929356575     0.591122210026
3.31     0.601255401969     0.44997882843     0.591158762574
3.315     0.601275160909     0.449420809746     0.591225400567
3.32     0.601347535849     0.449404597282     0.591268002987
3.325     0.601396113634     0.449729919434     0.59129498899
3.33     0.601425230503     0.450038909912     0.591299191117
3.335     0.601432695985     0.450307846069     0.591315880418
3.34     0.601432755589     0.450292825699     0.59139110148
3.345     0.601514130831     0.449868798256     0.591442137957
3.35     0.601571679115     0.44989335537     0.591475903988
3.355     0.60160830617     0.450169801712     0.591488718987
3.36     0.60162474215     0.450621247292     0.59148606658
3.365     0.601617693901     0.450704097748     0.591570079327
3.37     0.601695984602     0.450556755066     0.591630071402
3.375     0.601762935519     0.450274825096     0.591670870781
3.38     0.601807549596     0.45009291172     0.591692641377
3.385     0.601833164692     0.450390219688     0.591691166162
3.39     0.601835668087     0.450474858284     0.591764137149
3.395     0.601894676685     0.450237751007     0.591833427548
3.4     0.601971566677     0.450023770332     0.591881722212
3.405     0.602024629712     0.449818253517     0.591912835836
3.41     0.602059885859     0.449953198433     0.591920867562
3.415     0.602072387934     0.450172662735     0.59197576344
3.42     0.602112725377     0.450358748436     0.592054784298
3.425     0.602199941874     0.449946761131     0.592111185193
3.43     0.602262616158     0.449765920639     0.592151805758
3.435     0.60230730474     0.449436306953     0.592169940472
3.44     0.602330163121     0.449477910995     0.592206850648
3.445     0.602352544665     0.449951887131     0.592296764255
3.45     0.602449983358     0.450153946877     0.592362836003
3.455     0.602524086833     0.449403166771     0.592412635684
3.46     0.60257782042     0.44898045063     0.5924410671
3.465     0.602611854672     0.449022173882     0.592461675406
3.47     0.602622717619     0.449142336845     0.592561841011
3.475     0.602725014091     0.449213624001     0.592638850212
3.48     0.602810755372     0.448878645897     0.592697829008
3.485     0.602874532342     0.448583960533     0.59273737669
3.49     0.602920234203     0.44838488102     0.592754110694
3.495     0.602943003178     0.448449015617     0.59285338223
3.5     0.603028669953     0.448659896851     0.592942625284
