0.0     0.50032505393     0.50032505393     0.50032505393
0.005     0.500324770808     0.500325590372     0.500324770808
0.01     0.50032427907     0.500327929854     0.50032427907
0.015     0.500323474407     0.500332072377     0.500323474407
0.02     0.500322431326     0.500337928534     0.500322431326
0.025     0.500320985913     0.500345289707     0.500320985913
0.03     0.500319331884     0.500353962183     0.500319331884
0.035     0.500317215919     0.500366210938     0.500317215919
0.04     0.500314801931     0.500378966331     0.500314801931
0.045     0.500311896205     0.500390976667     0.500311896205
0.05     0.500308543444     0.500401705503     0.500308543444
0.055     0.500304654241     0.500410467386     0.500304654241
0.06     0.500300139189     0.500416845083     0.500300139189
0.065     0.50029502809     0.50042039156     0.50029502809
0.07     0.500289037824     0.500420719385     0.500289037824
0.075     0.500282242894     0.500417172909     0.500282242894
0.08     0.500274464488     0.500409454107     0.500274464488
0.085     0.500265672803     0.500396937132     0.500265672803
0.09     0.500255674124     0.500379174948     0.500255674124
0.095     0.500244349241     0.500355839729     0.500244349241
0.1     0.500231489539     0.500326126814     0.500231489539
0.105     0.500216946006     0.500289440155     0.500216946006
0.11     0.500204816461     0.500246137381     0.500204816461
0.115     0.50026665628     0.500195026398     0.50026665628
0.12     0.500336021185     0.500133812428     0.500336021185
0.125     0.500406339765     0.500062555075     0.500406339765
0.13     0.500477835536     0.499981105328     0.500477835536
0.135     0.500549927354     0.499889284372     0.500549927354
0.14     0.5006223768     0.499786973     0.5006223768
0.145     0.500694960356     0.499674141407     0.500694960356
0.15     0.500767424703     0.499550163746     0.500767424703
0.155     0.500839576125     0.499411165714     0.500839576125
0.16     0.500910893083     0.499262571335     0.500910893083
0.165     0.500981122255     0.49909594655     0.500981122255
0.17     0.501049816608     0.49891024828     0.501049816608
0.175     0.501116633415     0.498705178499     0.501116633415
0.18     0.501181513071     0.498480558395     0.501181513071
0.185     0.501244083047     0.49823641777     0.501244083047
0.19     0.501304090023     0.497972816229     0.501304090023
0.195     0.50136102736     0.497690230608     0.50136102736
0.2     0.501522645354     0.497389495373     0.501522645354
0.205     0.50171123445     0.497071802616     0.50171123445
0.21     0.50189781189     0.496738344431     0.50189781189
0.215     0.502081945539     0.496372669935     0.502081945539
0.22     0.502266764641     0.495981454849     0.502266764641
0.225     0.502449065447     0.495572924614     0.502449065447
0.23     0.502628445625     0.495175629854     0.502628445625
0.235     0.502804502845     0.494763314724     0.502804502845
0.24     0.502975806594     0.494327396154     0.502975806594
0.245     0.503142863512     0.493867397308     0.503142863512
0.25     0.503305822611     0.493384212255     0.503305822611
0.255     0.503463968635     0.492878705263     0.503463968635
0.26     0.503616929054     0.492316395044     0.503616929054
0.265     0.50386017561     0.49161824584     0.50386017561
0.27     0.504157528281     0.490896761417     0.504157528281
0.275     0.504448413849     0.490152865648     0.504448413849
0.28     0.504732519388     0.48944234848     0.504732519388
0.285     0.505009487271     0.488750994205     0.505009487271
0.29     0.505279436707     0.488085627556     0.505279436707
0.295     0.50555343926     0.487452805042     0.50555343926
0.3     0.50582242012     0.486760258675     0.50582242012
0.305     0.506084486842     0.48586705327     0.506084486842
0.31     0.506338849664     0.484926372766     0.506338849664
0.315     0.506603658199     0.483979225159     0.506603658199
0.32     0.506921231747     0.48301678896     0.506921231747
0.325     0.507284075022     0.482037514448     0.507284075022
0.33     0.507671684027     0.481041371822     0.507671684027
0.335     0.508049607277     0.479984134436     0.508049607277
0.34     0.508416905999     0.478854745626     0.508416905999
0.345     0.50877289474     0.477703541517     0.50877289474
0.35     0.509130582213     0.476738423109     0.509130582213
0.355     0.509487688541     0.475813776255     0.509487688541
0.36     0.509834185243     0.474831789732     0.509834185243
0.365     0.510169655085     0.473779588938     0.510169655085
0.37     0.510518491268     0.472602903843     0.510518491268
0.375     0.510903462768     0.471349328756     0.510903462768
0.38     0.511302426457     0.470034569502     0.511302426457
0.385     0.511754348874     0.468691945076     0.511754348874
0.39     0.512192070484     0.467379927635     0.512192070484
0.395     0.512615412474     0.465993583202     0.512615412474
0.4     0.513024091721     0.46453794837     0.513024091721
0.405     0.513417050242     0.46318551898     0.513417050242
0.41     0.513827577233     0.461794555187     0.513827577233
0.415     0.514270395041     0.460337251425     0.514270395041
0.42     0.514721468091     0.458841860294     0.514721468091
0.425     0.515154749155     0.457350432873     0.515154749155
0.43     0.515609309077     0.455761522055     0.515609309077
0.435     0.516105920076     0.454088419676     0.516105920076
0.44     0.51658526063     0.452381074429     0.51658526063
0.445     0.517046824098     0.450691014528     0.517046824098
0.45     0.517493009567     0.449068427086     0.517493009567
0.455     0.517975226045     0.447534829378     0.517975226045
0.46     0.518440321088     0.44596734643     0.518440321088
0.465     0.518886938691     0.444354683161     0.518886938691
0.47     0.519363150001     0.442724198103     0.519363150001
0.475     0.519817844033     0.44107657671     0.519817844033
0.48     0.520252987742     0.439304500818     0.520252987742
0.485     0.520668774843     0.437439382076     0.520668774843
0.49     0.521099671721     0.435539782047     0.521099671721
0.495     0.521574780345     0.433920681477     0.521574780345
0.5     0.522031232715     0.432128190994     0.522031232715
0.505     0.522468417883     0.430639475584     0.522468417883
0.51     0.522987619042     0.429172873497     0.522987619042
0.515     0.523492217064     0.427694022655     0.523492217064
0.52     0.523971527815     0.426235765219     0.523971527815
0.525     0.524427264929     0.424913823605     0.524427264929
0.53     0.524866849184     0.423554390669     0.524866849184
0.535     0.525293007493     0.42214551568     0.525293007493
0.54     0.525790795684     0.420679032803     0.525790795684
0.545     0.526265144348     0.419221460819     0.526265144348
0.55     0.526747122407     0.418027698994     0.526747122407
0.555     0.527281418443     0.416868925095     0.527281418443
0.56     0.527810037136     0.416200995445     0.527810037136
0.565     0.528316438198     0.41549038887     0.528316438198
0.57     0.528797030449     0.414647817612     0.528797030449
0.575     0.529255777597     0.413806021214     0.529255777597
0.58     0.529696494341     0.412903666496     0.529696494341
0.585     0.530116677284     0.41202583909     0.530116677284
0.59     0.530512452126     0.411097973585     0.530512452126
0.595     0.53088362515     0.410151422024     0.53088362515
0.6     0.531271666288     0.409207582474     0.531271666288
0.605     0.531834587455     0.40841448307     0.531834587455
0.61     0.532400429249     0.407853394747     0.532400429249
0.615     0.532936871052     0.407312422991     0.532936871052
0.62     0.533444285393     0.406695574522     0.533444285393
0.625     0.533923894167     0.406007438898     0.533923894167
0.63     0.534376293421     0.405262559652     0.534376293421
0.635     0.534801602364     0.404469937086     0.534801602364
0.64     0.535202950239     0.403637230396     0.535202950239
0.645     0.535737201571     0.402834534645     0.535737201571
0.65     0.536315917969     0.402082562447     0.536315917969
0.655     0.536864832044     0.401497542858     0.536864832044
0.66     0.537382885814     0.401196718216     0.537382885814
0.665     0.537871748209     0.400845050812     0.537871748209
0.67     0.538333624601     0.400430679321     0.538333624601
0.675     0.538770824671     0.399951577187     0.538770824671
0.68     0.539185106754     0.399461328983     0.539185106754
0.685     0.539573848248     0.399020195007     0.539573848248
0.69     0.539937108755     0.398511350155     0.539937108755
0.695     0.540334686637     0.397957026958     0.540334686637
0.7     0.54077167809     0.397341966629     0.54077167809
0.705     0.541196122766     0.396954655647     0.541196122766
0.71     0.541688084602     0.39658588171     0.541688084602
0.715     0.542155653238     0.39623183012     0.542155653238
0.72     0.542602270842     0.395876348019     0.542602270842
0.725     0.543024525046     0.395336329937     0.543024525046
0.73     0.543421432376     0.394856452942     0.543421432376
0.735     0.543799012899     0.394288539886     0.543799012899
0.74     0.544260725379     0.393662333488     0.544260725379
0.745     0.544696584344     0.392979621887     0.544696584344
0.75     0.545191153884     0.392363131046     0.545191153884
0.755     0.545662328601     0.391966164112     0.545662328601
0.76     0.546110883355     0.39219135046     0.546110883355
0.765     0.546533241868     0.392287671566     0.546533241868
0.77     0.546930298209     0.392260372639     0.546930298209
0.775     0.547303259373     0.392309546471     0.547303259373
0.78     0.547652512789     0.392205357552     0.547652512789
0.785     0.547978579998     0.391987919807     0.547978579998
0.79     0.548342421651     0.391623973846     0.548342421651
0.795     0.54873752594     0.391165554523     0.54873752594
0.8     0.549111828208     0.390770673752     0.549111828208
0.805     0.549464613199     0.39108556509     0.549464613199
0.81     0.549792438745     0.391290009022     0.549792438745
0.815     0.550159648061     0.391251266003     0.550159648061
0.82     0.550547733903     0.390977978706     0.550547733903
0.825     0.550932079554     0.390156984329     0.550932079554
0.83     0.551394417882     0.389988005161     0.551394417882
0.835     0.551834836602     0.389871358871     0.551834836602
0.84     0.552252754569     0.389751255512     0.552252754569
0.845     0.552654594183     0.389620661736     0.552654594183
0.85     0.553033068776     0.389450371265     0.553033068776
0.855     0.553390607238     0.389293730259     0.553390607238
0.86     0.553760319948     0.389152765274     0.553760319948
0.865     0.5542422086     0.389026045799     0.5542422086
0.87     0.554750487208     0.388908743858     0.554750487208
0.875     0.55523738265     0.388793647289     0.55523738265
0.88     0.555703476071     0.388684034348     0.555703476071
0.885     0.556152328849     0.388581395149     0.556152328849
0.89     0.556584268808     0.388521254063     0.556584268808
0.895     0.556992128491     0.388356924057     0.556992128491
0.9     0.557373806834     0.38836055994     0.557373806834
0.905     0.557738795877     0.38841098547     0.557738795877
0.91     0.55814909935     0.388464093208     0.55814909935
0.915     0.55857282877     0.388506948948     0.55857282877
0.92     0.558991879225     0.388546049595     0.558991879225
0.925     0.559444874525     0.38862991333     0.559444874525
0.93     0.5598770082     0.388729691505     0.5598770082
0.935     0.560294553638     0.388846755028     0.560294553638
0.94     0.560692861676     0.388725996017     0.560692861676
0.945     0.561066761613     0.388356626034     0.561066761613
0.95     0.561421602964     0.387990355492     0.561421602964
0.955     0.561750143766     0.387702643871     0.561750143766
0.96     0.562050819397     0.38748729229     0.562050819397
0.965     0.562317118049     0.387337386608     0.562317118049
0.97     0.562574163079     0.387250900269     0.562574163079
0.975     0.562896490097     0.387298703194     0.562896490097
0.98     0.563315033913     0.387356460094     0.563315033913
0.985     0.56372924149     0.387310266495     0.56372924149
0.99     0.564127415419     0.386978268623     0.564127415419
0.995     0.564495414495     0.386681377888     0.564495414495
1.0     0.564838439226     0.386569738388     0.564838439226
1.005     0.565157592297     0.386518776417     0.565157592297
1.01     0.565454512835     0.386490881443     0.565454512835
1.015     0.565728038549     0.386498272419     0.565728038549
1.02     0.565979346633     0.38655012846     0.565979346633
1.025     0.5662111938     0.3866122365     0.5662111938
1.03     0.566575676203     0.38670194149     0.566575676203
1.035     0.566982135177     0.386584579945     0.566982135177
1.04     0.567361876369     0.386504948139     0.567361876369
1.045     0.567715033889     0.386452913284     0.567715033889
1.05     0.568041816354     0.386408567429     0.568041816354
1.055     0.568343147635     0.386363387108     0.568343147635
1.06     0.568620964885     0.386385083199     0.568620964885
1.065     0.568880662322     0.386421144009     0.568880662322
1.07     0.569130077958     0.38648891449     0.569130077958
1.075     0.569446101785     0.386632204056     0.569446101785
1.08     0.569759905338     0.386820316315     0.569759890437
1.085     0.570097267628     0.386623561382     0.570097252727
1.09     0.570467039943     0.386451303959     0.570467025042
1.095     0.570811957121     0.386321127415     0.570811957121
1.1     0.571131750941     0.386312782764     0.571131750941
1.105     0.571425661445     0.386353433132     0.571425646544
1.11     0.571692824364     0.386384546757     0.571692809463
1.115     0.571935370564     0.386374294758     0.571935355663
1.12     0.572200089693     0.386430978775     0.572200104594
1.125     0.57251521945     0.386548936367     0.572515234351
1.13     0.572812959552     0.386673569679     0.572812974453
1.135     0.573184490204     0.386443436146     0.573184505105
1.14     0.573546111584     0.386276185513     0.573546141386
1.145     0.5738812536     0.386312484741     0.573881268501
1.15     0.574186533689     0.386422336102     0.574186548591
1.155     0.574463576078     0.386513471603     0.574463605881
1.16     0.574714511633     0.386598289013     0.574714541435
1.165     0.574944034219     0.386685848236     0.57494404912
1.17     0.575215980411     0.386766254902     0.575215995312
1.175     0.575526297092     0.386919558048     0.575526297092
1.18     0.575858965516     0.387130916119     0.575858980417
1.185     0.576100364327     0.386944413185     0.57610039413
1.19     0.576472774148     0.386962354183     0.576472789049
1.195     0.576827928424     0.387007057667     0.576827958226
1.2     0.577162533998     0.387125134468     0.577162563801
1.205     0.577474609017     0.387287676334     0.57747463882
1.21     0.577764451504     0.387476444244     0.577764481306
1.215     0.578032776713     0.387668609619     0.578032806516
1.22     0.578281119466     0.387864649296     0.578281149268
1.225     0.578513666987     0.388064920902     0.57851369679
1.23     0.578730404377     0.388262987137     0.578730434179
1.235     0.578927159309     0.388325095177     0.578927204013
1.24     0.579164892435     0.38830780983     0.579164937139
1.245     0.579482465982     0.388293027878     0.579482510686
1.25     0.579775363207     0.388282120228     0.57977540791
1.255     0.580043405294     0.388280689716     0.580043449998
1.26     0.580293029547     0.388298153877     0.58029307425
1.265     0.580558851361     0.388324081898     0.580558896065
1.27     0.580803751945     0.388354241848     0.580803796649
1.275     0.581032305956     0.388402044773     0.581032350659
1.28     0.581245943904     0.388469040394     0.581245988607
1.285     0.581478267908     0.388440191746     0.581478327513
1.29     0.58173443377     0.388456642628     0.581734493375
1.295     0.582034662366     0.388586699963     0.582034721971
1.3     0.582310527563     0.388704836369     0.582310587168
1.305     0.582562565804     0.388808906078     0.582562625408
1.31     0.582839816809     0.388895213604     0.582839891315
1.315     0.583099782467     0.388966321945     0.583099856973
1.32     0.583338931203     0.389028251171     0.583339005709
1.325     0.583561748266     0.389246821404     0.583561822772
1.33     0.583768427372     0.389509260654     0.583768501878
1.335     0.583951979876     0.389389097691     0.583952054381
1.34     0.584142670035     0.3889965415     0.584142759442
1.345     0.584315866232     0.3888463974     0.584315955639
1.35     0.584534853697     0.388793170452     0.584534943104
1.355     0.584767475724     0.388785123825     0.584767565131
1.36     0.584975868464     0.38883036375     0.58497595787
1.365     0.585177287459     0.388920485973     0.585177406669
1.37     0.585414007306     0.389051556587     0.585414111614
1.375     0.5856333673     0.389223456383     0.585633471608
1.38     0.585837945342     0.389443337917     0.585838034749
1.385     0.586060464382     0.389390468597     0.58606056869
1.39     0.586265519261     0.389144897461     0.586265623569
1.395     0.586472406983     0.388758659363     0.586472481489
1.4     0.586682513356     0.388617098331     0.586682543159
1.405     0.586981967092     0.388623833656     0.586981996894
1.41     0.587246716022     0.388797700405     0.587246730924
1.415     0.587495803833     0.389069616795     0.587495818734
1.42     0.587729781866     0.389370322227     0.587729796767
1.425     0.587952911854     0.389695942402     0.587952926755
1.43     0.588160097599     0.390037596226     0.588160097599
1.435     0.588345751166     0.390134334564     0.588345751166
1.44     0.588508993387     0.389838278294     0.588508993387
1.445     0.588648945093     0.389598011971     0.588648945093
1.45     0.588787540793     0.38944041729     0.588787510991
1.455     0.588994368911     0.389543414116     0.588994339108
1.46     0.589178666472     0.389716923237     0.58917863667
1.465     0.589342162013     0.389939367771     0.589342027903
1.47     0.589568555355     0.390206754208     0.589568436146
1.475     0.589780241251     0.390516519547     0.589780166745
1.48     0.58999620378     0.390861988068     0.589996054769
1.485     0.590191751719     0.391287863255     0.590191602707
1.49     0.59035718441     0.391439855099     0.590357035398
1.495     0.590493023396     0.391497969627     0.590492874384
1.5     0.590699374676     0.391571760178     0.590699225664
1.505     0.590923964977     0.391664803028     0.590923771262
1.51     0.591165184975     0.391780912876     0.59116499126
1.515     0.591382309794     0.391924083233     0.591382116079
1.52     0.591579347849     0.392100214958     0.591579169035
1.525     0.591762244701     0.392317414284     0.591762065887
1.53     0.591929599643     0.392575442791     0.59192943573
1.535     0.592077970505     0.392691969872     0.592077791691
1.54     0.592215836048     0.392649531364     0.592215672135
1.545     0.592326208949     0.39241194725     0.592326045036
1.55     0.592408075929     0.392254889011     0.592407912016
1.555     0.592507556081     0.392176926136     0.592507407069
1.56     0.592650577426     0.392179191113     0.592650428414
1.565     0.592802494764     0.392232775688     0.592802375555
1.57     0.593002229929     0.392350256443     0.593002125621
1.575     0.593188732862     0.392551183701     0.593188628554
1.58     0.593370005488     0.392854690552     0.59336990118
1.585     0.593529775739     0.393238663673     0.593529671431
1.59     0.593665346503     0.393672525883     0.593665257096
1.595     0.593770861626     0.39365708828     0.593770772219
1.6     0.593992099166     0.39236330986     0.593992009759
1.605     0.594114601612     0.392439186573     0.594114556909
1.61     0.594330713153     0.392515838146     0.594330668449
1.615     0.594533056021     0.39260995388     0.594533011317
1.62     0.594723507762     0.392724752426     0.59472347796
1.625     0.594901889563     0.392858564854     0.594901844859
1.63     0.595070958138     0.393008053303     0.595070913434
1.635     0.595221802592     0.393169045448     0.595221757889
1.64     0.595349192619     0.393257319927     0.595349162817
1.645     0.595451638103     0.393014669418     0.5954516083
1.65     0.595529735088     0.392827093601     0.595529705286
1.655     0.595582798123     0.392698585987     0.595582768321
1.66     0.59563703835     0.392530083656     0.595637008548
1.665     0.595734208822     0.392400860786     0.59573417902
1.67     0.595844134688     0.392457187176     0.595844119787
1.675     0.596004828811     0.392620921135     0.59600481391
1.68     0.596141278744     0.392861068249     0.596141263843
1.685     0.596249386668     0.393389523029     0.596249386668
1.69     0.596328347921     0.393864035606     0.59632833302
1.695     0.596378013492     0.393843770027     0.59637799859
1.7     0.596433669329     0.393833398819     0.596433654428
1.705     0.596565425396     0.393844425678     0.596565425396
1.71     0.596767485142     0.393973946571     0.596767485142
1.715     0.59694339335     0.394129931927     0.59694339335
1.72     0.597095385194     0.394317388535     0.597095370293
1.725     0.597224101424     0.394540250301     0.597224101424
1.73     0.59732837975     0.394638121128     0.59732837975
1.735     0.597409129143     0.394782781601     0.597409129143
1.74     0.597464233637     0.395021259785     0.597464218736
1.745     0.59749110043     0.394955992699     0.59749110043
1.75     0.5975022614     0.394738316536     0.5975022614
1.755     0.59760068357     0.394595086575     0.59760068357
1.76     0.597673416138     0.394493699074     0.597673475742
1.765     0.597836121917     0.394446611404     0.597836121917
1.77     0.597978442907     0.394470095634     0.597978442907
1.775     0.598219141364     0.393368661404     0.598219141364
1.78     0.598392546177     0.393688678741     0.598392546177
1.785     0.598524853587     0.393948733807     0.598524838686
1.79     0.598615139723     0.39392375946     0.598615139723
1.795     0.59866400063     0.393427670002     0.59866400063
1.8     0.598672986031     0.393201708794     0.598672986031
1.805     0.59868170321     0.393143355846     0.59868170321
1.81     0.598775669932     0.393197596073     0.598775669932
1.815     0.598937660456     0.393337309361     0.598937660456
1.82     0.599080219865     0.393538713455     0.599080219865
1.825     0.599200680852     0.393787682056     0.599200680852
1.83     0.599297195673     0.394109785557     0.599297210574
1.835     0.599368393421     0.394503593445     0.599368408322
1.84     0.599412322044     0.394931793213     0.599412336946
1.845     0.599428996444     0.394679188728     0.599428996444
1.85     0.59941726923     0.394314706326     0.599417328835
1.855     0.599388971925     0.394119858742     0.599388971925
1.86     0.599335953593     0.394236624241     0.599335968494
1.865     0.599285393953     0.39441037178     0.599285393953
1.87     0.599376514554     0.39462262392     0.599376514554
1.875     0.599453210831     0.394856274128     0.599453210831
1.88     0.599503338337     0.395300328732     0.599503353238
1.885     0.599523052573     0.395865619183     0.599523052573
1.89     0.599668487906     0.395717442036     0.599668502808
1.895     0.599664911628     0.395592868328     0.599664926529
1.9     0.59968149662     0.395319521427     0.59968149662
1.905     0.599739894271     0.395205438137     0.599739894271
1.91     0.59989631176     0.395225584507     0.599896326661
1.915     0.600033536553     0.395449459553     0.600033536553
1.92     0.600148111582     0.39574432373     0.600148186088
1.925     0.600238502026     0.396019220352     0.600238502026
1.93     0.600302010775     0.396208167076     0.600302010775
1.935     0.600336804986     0.396431446075     0.600336804986
1.94     0.600341692567     0.396677494049     0.600341707468
1.945     0.600316777825     0.3968719244     0.600316777825
1.95     0.600263446569     0.396471917629     0.600263446569
1.955     0.600227087736     0.396213054657     0.600227087736
1.96     0.600316524506     0.394638419151     0.600316524506
1.965     0.600471511483     0.394847154617     0.600471526384
1.97     0.600591674447     0.395040273666     0.600591689348
1.975     0.600675269961     0.395253300667     0.600675344467
1.98     0.60072273016     0.395538628101     0.600722804666
1.985     0.600734889507     0.395876407623     0.600734889507
1.99     0.600708559155     0.396331071854     0.600708559155
1.995     0.600647449493     0.396765708923     0.600647449493
2.0     0.600644230843     0.396140575409     0.600644230843
2.005     0.60069334507     0.396031498909     0.60069334507
2.01     0.600804552436     0.396067857742     0.600804552436
2.015     0.600892573595     0.396223306656     0.600892588496
2.02     0.600956648588     0.396472752094     0.600956663489
2.025     0.600996047258     0.39680325985     0.600996047258
2.03     0.601007312536     0.397240519524     0.601007327437
2.035     0.600988641381     0.397720873356     0.600988641381
2.04     0.600939586759     0.398240745068     0.600939646363
2.045     0.600862577558     0.39877986908     0.600862577558
2.05     0.600861281157     0.399053573608     0.600861281157
2.055     0.600774556398     0.398668706417     0.600774556398
2.06     0.600736513734     0.398379266262     0.600736528635
2.065     0.600751444697     0.398317396641     0.600751444697
2.07     0.600802794099     0.398427128792     0.600802794099
2.075     0.600834235549     0.398674666882     0.600834295154
2.08     0.600834712386     0.399059176445     0.600834712386
2.085     0.600800767541     0.399502813816     0.600800767541
2.09     0.600734859705     0.399965643883     0.60073491931
2.095     0.600692868233     0.400457024574     0.600692868233
2.1     0.600801482797     0.400973796844     0.600801482797
2.105     0.600883811712     0.401511073112     0.600883811712
2.11     0.600941076875     0.401689946651     0.600941091776
2.115     0.601099565625     0.400085985661     0.601099565625
2.12     0.601068973541     0.399941146374     0.601068973541
2.125     0.601034268737     0.399899303913     0.601034268737
2.13     0.601012468338     0.399972975254     0.601012468338
2.135     0.601006239653     0.400147378445     0.601006239653
2.14     0.600971490145     0.400402069092     0.600971490145
2.145     0.600915566087     0.400723218918     0.600915566087
2.15     0.600929558277     0.401072025299     0.600929558277
2.155     0.600906684995     0.401452302933     0.600906744599
2.16     0.600924804807     0.401381075382     0.600924789906
2.165     0.600924164057     0.401251614094     0.600924149156
2.17     0.600894510746     0.401314556599     0.600894510746
2.175     0.600837871432     0.401467561722     0.600837916136
2.18     0.600754708052     0.40168684721     0.600754693151
2.185     0.600642591715     0.401971280575     0.600642591715
2.19     0.600530892611     0.402311623096     0.600530877709
2.195     0.600622966886     0.402691483498     0.600622937083
2.2     0.600710839033     0.403099000454     0.600710824132
2.205     0.600891977549     0.402810633183     0.600891947746
2.21     0.600891008973     0.403057277203     0.600890994072
2.215     0.600881487131     0.402439951897     0.600881457329
2.22     0.600857704878     0.402054667473     0.600857675076
2.225     0.60082051158     0.401858329773     0.600820481777
2.23     0.600807458162     0.40181183815     0.60080742836
2.235     0.600763589144     0.401900410652     0.600763559341
2.24     0.600689038634     0.402093887329     0.600689023733
2.245     0.600584387779     0.402369737625     0.600584357977
2.25     0.600448250771     0.402726173401     0.600448235869
2.255     0.600332140923     0.403152704239     0.60033211112
2.26     0.600283116102     0.403636574745     0.6002830863
2.265     0.600271970034     0.404162049294     0.600271940231
2.27     0.600236713886     0.404115557671     0.600236669183
2.275     0.600177332759     0.404272317886     0.600177362561
2.28     0.600087240338     0.404593110085     0.600087210536
2.285     0.59997394681     0.404990553856     0.599973917007
2.29     0.599957033992     0.405448079109     0.599957048893
2.295     0.600020691752     0.405944705009     0.600020647049
2.3     0.600063070655     0.406459569931     0.600063040853
2.305     0.600438266993     0.404022336006     0.60043823719
2.31     0.600563779473     0.403834462166     0.600563749671
2.315     0.600517705083     0.402590870857     0.600517675281
2.32     0.600463554263     0.40194773674     0.600463524461
2.325     0.600437030196     0.401619672775     0.600437059999
2.33     0.600400641561     0.401527285576     0.600400596857
2.335     0.600335612893     0.401591539383     0.600335583091
2.34     0.600259199739     0.401762366295     0.600259169936
2.345     0.600251942873     0.402003526688     0.60025189817
2.35     0.60027743876     0.402273893356     0.600277394056
2.355     0.600284710526     0.402568817139     0.600284680724
2.36     0.600261747837     0.402520656586     0.600261718035
2.365     0.600208103657     0.402346253395     0.600208073854
2.37     0.600242272019     0.399685502052     0.600242242217
2.375     0.600222170353     0.399758577347     0.600222125649
2.38     0.600163787603     0.399956464767     0.6001637429
2.385     0.600065514445     0.400251507759     0.600065484643
2.39     0.60002052784     0.400623202324     0.600020498037
2.395     0.600076526403     0.401061058044     0.600076496601
2.4     0.600115939975     0.401552796364     0.600115969777
2.405     0.600132063031     0.402094364166     0.600132033229
2.41     0.60012665391     0.401854157448     0.600126624107
2.415     0.600104153156     0.401371479034     0.600104182959
2.42     0.600081756711     0.401178836823     0.600081726909
2.425     0.600033506751     0.401203989983     0.600033476949
2.43     0.599957481027     0.401393413544     0.599957451224
2.435     0.599850863218     0.401711583138     0.599850818515
2.44     0.599712401628     0.40212392807     0.599712371826
2.445     0.59954598546     0.402612447739     0.599546015263
2.45     0.59940379858     0.403164386749     0.599403768778
2.455     0.599389255047     0.403757333755     0.599389225245
2.46     0.599353373051     0.404381155968     0.599353402853
2.465     0.599290043116     0.405024170876     0.599290072918
2.47     0.599199160933     0.405246496201     0.599199131131
2.475     0.599080622196     0.405615448952     0.599080592394
2.48     0.599009662867     0.406012177467     0.599009633064
2.485     0.599088072777     0.406430721283     0.599088102579
2.49     0.59914624691     0.406866788864     0.599146217108
2.495     0.599178791046     0.407305717468     0.599178761244
2.5     0.599336788058     0.404962539673     0.599336758256
2.505     0.599401906133     0.404320955276     0.599401891232
2.51     0.599348470569     0.404639005661     0.599348440766
2.515     0.599296227098     0.403991103172     0.599296197295
2.52     0.599276557565     0.403287887573     0.599276527762
2.525     0.599233478308     0.40291762352     0.599233448505
2.53     0.599164411426     0.402786612511     0.599164381623
2.535     0.599132090807     0.402815580368     0.599132075906
2.54     0.599157601595     0.40295279026     0.599157571793
2.545     0.599199444056     0.403149247169     0.599199429154
2.55     0.599212750793     0.403379559517     0.59921272099
2.555     0.599197030067     0.403643250465     0.599197000265
2.56     0.599153786898     0.403956890106     0.599153771996
2.565     0.599081918597     0.403792977333     0.599081888795
2.57     0.599125385284     0.401172041893     0.599125370383
2.575     0.599087193608     0.401185631752     0.599087163806
2.58     0.5990485847     0.401280403137     0.599048569798
2.585     0.599074035883     0.401482343674     0.599074020982
2.59     0.599141225219     0.401790738106     0.599141210318
2.595     0.599187970161     0.402194499969     0.59918795526
2.6     0.599212571979     0.402676105499     0.599212542176
2.605     0.599213525653     0.40321791172     0.599213510752
2.61     0.599192261696     0.403699994087     0.599192231894
2.615     0.599165856838     0.403331160545     0.599165841937
2.62     0.599126324058     0.403014183044     0.599126294255
2.625     0.599059924483     0.402892351151     0.599059909582
2.63     0.598964422941     0.40293097496     0.598964393139
2.635     0.598844081163     0.400453329086     0.598844051361
2.64     0.598712936044     0.400812745094     0.598712906241
2.645     0.598661080003     0.401217222214     0.5986610502
2.65     0.598689869046     0.401618123055     0.598689854145
2.655     0.598693624139     0.401742577553     0.598693609238
2.66     0.598671808839     0.40129005909     0.598671793938
2.665     0.598625436425     0.401090860367     0.598625421524
2.67     0.59855389595     0.40111887455     0.598553881049
2.675     0.59845648706     0.401345849037     0.598456472158
2.68     0.59854157269     0.401685357094     0.598541557789
2.685     0.59864616394     0.402104139328     0.598646134138
2.69     0.598726168275     0.402581691742     0.598726153374
2.695     0.599042028189     0.401551008224     0.599042072892
2.7     0.599436372519     0.401140928268     0.599436357617
2.705     0.599540114403     0.396347999573     0.599540099502
2.71     0.599485889077     0.396363019943     0.599485874176
2.715     0.599433496594     0.39652132988     0.599433481693
2.72     0.599406152964     0.396667480469     0.599406138062
2.725     0.599352344871     0.396875619888     0.599352389574
2.73     0.599311769009     0.397137880325     0.599311754107
2.735     0.599346414208     0.397443532944     0.599346399307
2.74     0.599398463964     0.397355318069     0.599398449063
2.745     0.599422216415     0.396840572357     0.599422201514
2.75     0.599415898323     0.396530032158     0.599415883422
2.755     0.599377900362     0.396401166916     0.599377900362
2.76     0.599309355021     0.396455764771     0.599309340119
2.765     0.599208936095     0.396655678749     0.599208921194
2.77     0.599078580737     0.396933674812     0.599078565836
2.775     0.599133491516     0.395610690117     0.599133476615
2.78     0.599091306329     0.395854473114     0.599091291428
2.785     0.599150806665     0.395691275597     0.599150791764
2.79     0.599197149277     0.395014762878     0.599197134376
2.795     0.599226757884     0.394662380219     0.599226742983
2.8     0.599237546325     0.394525527954     0.599237531424
2.805     0.599232017994     0.394557595253     0.599232003093
2.81     0.599233850837     0.394725441933     0.599233835936
2.815     0.599210500717     0.395000934601     0.599210485816
2.82     0.599161356688     0.395355463028     0.599161341786
2.825     0.599085628986     0.395770668983     0.599085614085
2.83     0.598981499672     0.396227002144     0.598981484771
2.835     0.598846107721     0.396713137627     0.59884609282
2.84     0.598680615425     0.396789908409     0.59868067503
2.845     0.598647534847     0.396791338921     0.598647534847
2.85     0.598648771644     0.396869540215     0.598648756742
2.855     0.598709136248     0.39396750927     0.598709136248
2.86     0.598678141832     0.394099473953     0.598678126931
2.865     0.598624929786     0.394302248955     0.598624914885
2.87     0.598546087742     0.394609808922     0.598546072841
2.875     0.59848152101     0.395000457764     0.598481506109
2.88     0.598537713289     0.395476102829     0.598537698388
2.885     0.598634302616     0.39568567276     0.598634287715
2.89     0.598708793521     0.395549535751     0.598708793521
2.895     0.598761305213     0.395527005196     0.598761305213
2.9     0.598788306117     0.395592212677     0.598788350821
2.905     0.598789572716     0.395727396011     0.598789557815
2.91     0.598765298724     0.395924925804     0.598765283823
2.915     0.598715633154     0.396144628525     0.598715618253
2.92     0.598640665412     0.396192669868     0.598640650511
2.925     0.598541051149     0.396316766739     0.598541036248
2.93     0.598420158029     0.396518111229     0.598420158029
2.935     0.59842556715     0.396793484688     0.598425552249
2.94     0.598468959332     0.396766662598     0.598468959332
2.945     0.598486721516     0.396701812744     0.598486706614
2.95     0.598478153348     0.396705508232     0.598478153348
2.955     0.598442971706     0.396768093109     0.598442897201
2.96     0.598564371467     0.393864512444     0.598564356565
2.965     0.598563089967     0.394052267075     0.598563075066
2.97     0.598522812128     0.394288420677     0.598522797227
2.975     0.598503470421     0.394594192505     0.598503470421
2.98     0.598564386368     0.394983410835     0.598564371467
2.985     0.598644822836     0.394762635231     0.598644807935
2.99     0.598706737161     0.394394755363     0.59870672226
2.995     0.59874804318     0.39420235157     0.598748028278
3.0     0.598768502474     0.394150733948     0.598768487573
3.005     0.598767876625     0.394225120544     0.598767876625
3.01     0.598766058683     0.39441037178     0.598766043782
3.015     0.5987431705     0.394689559937     0.598743155599
3.02     0.598694518209     0.395050764084     0.598694518209
3.025     0.598618417978     0.395481228828     0.598618417978
3.03     0.598509967327     0.39596092701     0.598509952426
3.035     0.598370239139     0.396476984024     0.598370224237
3.04     0.598307743669     0.396615028381     0.598307743669
3.045     0.5983312428     0.396530151367     0.5983312428
3.05     0.598449647427     0.393509149551     0.598449647427
3.055     0.598436415195     0.393498778343     0.598436400294
3.06     0.598402246833     0.393587589264     0.598402231932
3.065     0.59834626317     0.393772125244     0.59834626317
3.07     0.598265022039     0.394050240517     0.598265022039
3.075     0.598243787885     0.394453048706     0.598243787885
3.08     0.598364949226     0.394948959351     0.598364934325
3.085     0.598467588425     0.395117402077     0.598467588425
3.09     0.598544254899     0.395024418831     0.598544254899
3.095     0.598594620824     0.395014166832     0.598594620824
3.1     0.598618805408     0.395067453384     0.598618790507
3.105     0.598617181182     0.39517557621     0.598617181182
3.11     0.598589867353     0.395335674286     0.598589867353
3.115     0.598538652062     0.395545482635     0.598538652062
3.12     0.598464667797     0.39556658268     0.598464667797
3.125     0.598367199302     0.395629882812     0.598367199302
3.13     0.598273128271     0.395776510239     0.598273128271
3.135     0.598322123289     0.39600276947     0.598322108388
3.14     0.598366454244     0.395805358887     0.598366454244
3.145     0.598384827375     0.395698308945     0.598384827375
3.15     0.598511576653     0.392581343651     0.598511561751
3.155     0.598558425903     0.392655968666     0.598558425903
3.16     0.598572030663     0.392776489258     0.598572030663
3.165     0.598550409079     0.392918467522     0.598550394177
3.17     0.598491176963     0.393147945404     0.598491176963
3.175     0.598518043756     0.393503904343     0.598518043756
3.18     0.598627969623     0.393944382668     0.598627969623
3.185     0.598719283938     0.393458008766     0.598719283938
3.19     0.598790213466     0.392965197563     0.598790213466
3.195     0.598839610815     0.392733931541     0.598839610815
3.2     0.598874151707     0.392693758011     0.598874151707
3.205     0.598902434111     0.392800211906     0.598902434111
3.21     0.598907738924     0.393019914627     0.598907738924
3.215     0.59888894856     0.393323898315     0.59888894856
3.22     0.598844856024     0.393690943718     0.598844856024
3.225     0.598772346973     0.394127368927     0.598772346973
3.23     0.598668396473     0.394603967667     0.598668396473
3.235     0.598599478602     0.395108103752     0.598599478602
3.24     0.598653495312     0.395079731941     0.598653495312
3.245     0.598780140281     0.392317175865     0.598780140281
3.25     0.598800465465     0.392108201981     0.598800465465
3.255     0.598797127604     0.392045021057     0.598797127604
3.26     0.598771706223     0.392110228539     0.598771706223
3.265     0.598722800612     0.39227604866     0.598722800612
3.27     0.59866130352     0.392529606819     0.598661318421
3.275     0.598770320415     0.392902135849     0.598770320415
3.28     0.598897993565     0.393386602402     0.598897993565
3.285     0.599005505443     0.393475413322     0.599005505443
3.29     0.59908862412     0.393337726593     0.59908862412
3.295     0.599145069718     0.393263220787     0.599145069718
3.3     0.599175110459     0.393243789673     0.599175110459
3.305     0.599179446697     0.393278002739     0.599179446697
3.31     0.599159300327     0.393368601799     0.599159300327
3.315     0.599115207791     0.393514513969     0.599115148187
3.32     0.599048271775     0.393712878227     0.599048271775
3.325     0.598975554109     0.393779397011     0.598975554109
3.33     0.599016055465     0.393831372261     0.599016055465
3.335     0.599090725183     0.393937110901     0.599090725183
3.34     0.599139973521     0.393603205681     0.599139973521
3.345     0.599164128304     0.393366932869     0.599164128304
3.35     0.599320858717     0.390167236328     0.599320858717
3.355     0.599385395646     0.390177130699     0.599385395646
3.36     0.599413096905     0.390253543854     0.599413096905
3.365     0.599403709173     0.390389204025     0.599403709173
3.37     0.599355816841     0.390605688095     0.599355816841
3.375     0.599461361766     0.39089679718     0.599461361766
3.38     0.5995837152     0.391137242317     0.5995837152
3.385     0.599687233567     0.390663146973     0.599687233567
3.39     0.599770739675     0.39023733139     0.599770754576
3.395     0.599832758307     0.389999628067     0.599832758307
3.4     0.599873065948     0.389913201332     0.599873065948
3.405     0.599891930819     0.389949798584     0.599891930819
3.41     0.599901407957     0.390083193779     0.599901407957
3.415     0.599896386266     0.390287399292     0.599896386266
3.42     0.599867671728     0.390545845032     0.599867671728
3.425     0.599809974432     0.390841960907     0.599809974432
3.43     0.599722862244     0.391169905663     0.599722862244
3.435     0.599772304296     0.391572952271     0.599772304296
3.44     0.599842295051     0.391385555267     0.599842295051
3.445     0.600017085671     0.388717770576     0.600017085671
3.45     0.600060150027     0.38839173317     0.600060164928
3.455     0.600079223514     0.388236522675     0.600079223514
3.46     0.600075989962     0.38822221756     0.600075989962
3.465     0.600049540401     0.388307094574     0.600049540401
3.47     0.60008816421     0.388485431671     0.60008816421
3.475     0.600212946534     0.388746738434     0.600212946534
3.48     0.60037201643     0.389078259468     0.60037201643
3.485     0.600506067276     0.389089941978     0.600506067276
3.49     0.600614607334     0.388757586479     0.600614607334
3.495     0.600697293878     0.388531923294     0.600697293878
3.5     0.60075481236     0.388365268707     0.60075481236
