0.0     0.501876145601     0.501875773072     0.501876145601
0.01     0.50186432898     0.501873746514     0.501864895225
0.02     0.501821011305     0.501848429441     0.501821622252
0.03     0.501756086946     0.501782134175     0.501756221056
0.04     0.501675114036     0.501660078764     0.501674309373
0.05     0.501581534743     0.501538008451     0.501579523087
0.06     0.501477584243     0.501429438591     0.501474127173
0.07     0.501364588737     0.501339435577     0.501359567046
0.08     0.501243263483     0.50127017498     0.50123667717
0.09     0.501146286726     0.501223087311     0.501141652465
0.1     0.501090288162     0.501199364662     0.501084893942
0.11     0.501034572721     0.500913262367     0.50102840364
0.12     0.500977769494     0.500627756119     0.50097116828
0.13     0.500918403268     0.500395804644     0.500911667943
0.14     0.500857815146     0.500140607357     0.5008572191
0.15     0.500901207328     0.499784111977     0.500900879502
0.16     0.500941976905     0.499456167221     0.500941842794
0.17     0.500978112221     0.499056190252     0.500978112221
0.18     0.501050323248     0.498409628868     0.501049622893
0.19     0.501220822334     0.497898638248     0.501220077276
0.2     0.501384913921     0.497493863106     0.501383960247
0.21     0.501540258527     0.496491491795     0.501539185643
0.22     0.501747459173     0.495697647333     0.501747712493
0.23     0.502022311091     0.495193868876     0.502024397254
0.24     0.502282351255     0.493878990412     0.502286508679
0.25     0.502525061369     0.492940962315     0.502531260252
0.26     0.502761557698     0.491790771484     0.502793878317
0.27     0.503128364682     0.490660816431     0.503162354231
0.28     0.503470033407     0.48894956708     0.503506109118
0.29     0.503908097744     0.487934470177     0.503953889012
0.3     0.504377678037     0.486036002636     0.504421800375
0.31     0.504818603396     0.484442800283     0.504861295223
0.32     0.5053858459     0.482680857182     0.505422800779
0.33     0.505920797586     0.480703443289     0.505957558751
0.34     0.506425350904     0.478582829237     0.506462067366
0.35     0.507051408291     0.476443856955     0.507090762258
0.36     0.507662221789     0.474165946245     0.507702037692
0.37     0.508300378919     0.4717002213     0.508339703083
0.38     0.509027197957     0.469123750925     0.509066313505
0.39     0.509720757604     0.466378599405     0.50975959003
0.4     0.510539084673     0.463859558105     0.510576188564
0.41     0.511352747679     0.46076798439     0.511390402913
0.42     0.512193635106     0.457491934299     0.512232840061
0.43     0.513150259852     0.454686433077     0.513190343976
0.44     0.514082714915     0.45140299201     0.514123991132
0.45     0.515165880322     0.448061823845     0.515209510922
0.46     0.516262814403     0.444660395384     0.516305163503
0.47     0.517267152667     0.440995305777     0.517308652401
0.48     0.518324449658     0.437891036272     0.518363773823
0.49     0.519271686673     0.434631288052     0.519309714437
0.5     0.520229771733     0.431436181068     0.520268529654
0.51     0.52119153738     0.428482413292     0.521229565144
0.52     0.52207916975     0.425318300724     0.522116854787
0.53     0.523062780499     0.423015415668     0.523101165891
0.54     0.523998007178     0.420504301786     0.524036586285
0.55     0.524909332395     0.417976766825     0.524948805571
0.56     0.525916397572     0.416022986174     0.525956586003
0.57     0.526870235801     0.413986802101     0.526911467314
0.58     0.527860611677     0.412111788988     0.527904123068
0.59     0.528923019767     0.410370290279     0.528968319297
0.6     0.529945477843     0.408616840839     0.529992878437
0.61     0.531096413732     0.407100856304     0.531147241592
0.62     0.53222630918     0.405621618032     0.532274350524
0.63     0.533203467727     0.404288768768     0.533249348402
0.64     0.534254878759     0.402991682291     0.534298747778
0.65     0.535183653235     0.401612341404     0.535226300359
0.66     0.536054104567     0.400605738163     0.536096319556
0.67     0.53698310256     0.399384796619     0.53702493012
0.68     0.537825450301     0.398379683495     0.537867173553
0.69     0.538672789931     0.3975071311     0.538714960217
0.7     0.539552092552     0.39630395174     0.539594635367
0.71     0.540360912681     0.395746052265     0.540403962135
0.72     0.541237235069     0.394555985928     0.541281417012
0.73     0.542107924819     0.39426368475     0.542153120041
0.74     0.54291652143     0.393108785152     0.542962983251
0.75     0.543868407607     0.392570793629     0.543916687369
0.76     0.544766873121     0.391868114471     0.544817045331
0.77     0.545670866966     0.391318321228     0.545723289251
0.78     0.546691253781     0.390748262405     0.546746447682
0.79     0.547626823187     0.390186607838     0.54767999053
0.8     0.548553109169     0.389503955841     0.548603624105
0.81     0.549436658621     0.38932287693     0.549485206604
0.82     0.550205692649     0.388632833958     0.550253123045
0.83     0.551050394773     0.388495326042     0.55109654367
0.84     0.551820382476     0.387919902802     0.551866039634
0.85     0.552532166243     0.387496352196     0.552577212453
0.86     0.553326800466     0.387402892113     0.55337177217
0.87     0.554038122296     0.386767148972     0.554083302617
0.88     0.55475795269     0.386946260929     0.554803133011
0.89     0.55551213026     0.386217772961     0.555557847023
0.9     0.556193321943     0.386288821697     0.556239724159
0.91     0.556950449944     0.385792791843     0.556997492909
0.92     0.557689040899     0.385602474213     0.557737097144
0.93     0.558368563652     0.385747492313     0.55841742456
0.94     0.559182852507     0.385229587555     0.559233263135
0.95     0.559927299619     0.385465443134     0.559979319572
0.96     0.560688719153     0.384958803654     0.560742139816
0.97     0.561527356505     0.384917676449     0.561583042145
0.98     0.562299728394     0.384781777859     0.562357842922
0.99     0.563155055046     0.384527623653     0.563210830092
1.0     0.56394302845     0.384818971157     0.563996508718
1.01     0.564612492919     0.384451210499     0.564663648605
1.02     0.565388560295     0.384582638741     0.565438345075
1.03     0.566055521369     0.384442687035     0.566104397178
1.04     0.566690891981     0.384342133999     0.566738381982
1.05     0.567374691367     0.384523272514     0.567421808839
1.06     0.567970409989     0.384166240692     0.568017378449
1.07     0.568600416183     0.384277701378     0.568646639585
1.08     0.569227188826     0.384110689163     0.569273486733
1.09     0.56977583468     0.384185194969     0.569822445512
1.1     0.570420742035     0.384386837482     0.570466995239
1.11     0.571009501815     0.38419687748     0.571056246758
1.12     0.571561306715     0.384458184242     0.571607932448
1.13     0.572200521827     0.384255409241     0.572247967124
1.14     0.572763323784     0.384314477444     0.572811588645
1.15     0.573357358575     0.384419977665     0.573405891657
1.16     0.573977097869     0.384220182896     0.574026718736
1.17     0.574522614479     0.384466767311     0.574573397636
1.18     0.575175061822     0.384172976017     0.575226560235
1.19     0.575785160065     0.384369075298     0.575838178396
1.2     0.57635986805     0.384523451328     0.57641364634
1.21     0.577048793435     0.384455025196     0.57710455358
1.22     0.57765839994     0.384847998619     0.577715992928
1.23     0.578315734863     0.384589791298     0.578373298049
1.24     0.578974112868     0.384768605232     0.579029470682
1.25     0.579515188932     0.384852349758     0.579569071531
1.26     0.580140829086     0.38472366333     0.580192312598
1.27     0.580689027905     0.385097563267     0.580739468336
1.28     0.581179246306     0.384742498398     0.581227988005
1.29     0.581747025251     0.384907901287     0.581795096397
1.3     0.582220926881     0.384845495224     0.582268610597
1.31     0.58271022141     0.384853482246     0.582756623626
1.32     0.583211392164     0.385330855846     0.58325766027
1.33     0.583629742265     0.385062098503     0.583675980568
1.34     0.584128633142     0.385380864143     0.584173932672
1.35     0.584578126669     0.385426938534     0.584623545408
1.36     0.584978923202     0.385352790356     0.585023611784
1.37     0.58546628058     0.385799586773     0.585511282086
1.38     0.585872158408     0.385432720184     0.585917428136
1.39     0.586298361421     0.385750949383     0.58634313941
1.4     0.586742401123     0.385680019855     0.586787581444
1.41     0.587108463049     0.385563194752     0.5871540308
1.42     0.587565749884     0.385936677456     0.587611064315
1.43     0.587970599532     0.385485172272     0.588016480207
1.44     0.58834156394     0.385795235634     0.588387206197
1.45     0.588791251183     0.385678470135     0.588837593794
1.46     0.589158728719     0.385736882687     0.589205622673
1.47     0.589570641518     0.386197865009     0.589617595077
1.48     0.589982271194     0.385866582394     0.590030029416
1.49     0.590311273932     0.386330008507     0.590359687805
1.5     0.590769901872     0.3861977458     0.590818598866
1.51     0.591143861413     0.386178314686     0.591193422675
1.52     0.591518178582     0.386573970318     0.591567873955
1.53     0.59194265306     0.386172890663     0.591993421316
1.54     0.592277273536     0.3866147995     0.592328995466
1.55     0.592706650496     0.386381030083     0.592758789659
1.56     0.593091130257     0.386345624924     0.59314443171
1.57     0.593430802226     0.38663738966     0.593484506011
1.58     0.593871995807     0.386175096035     0.593926310539
1.59     0.594203159213     0.386564075947     0.594256520271
1.6     0.594577312469     0.386142373085     0.594628795981
1.61     0.594930410385     0.386117398739     0.594981074333
1.62     0.595190763474     0.386359274387     0.59523999691
1.63     0.595570355654     0.386080026627     0.595618873835
1.64     0.595846414566     0.386609554291     0.595894560218
1.65     0.596131369472     0.386314451694     0.596178278327
1.66     0.596434012055     0.386498510838     0.596480533481
1.67     0.596642971039     0.386734783649     0.596689462662
1.68     0.596952944994     0.386400401592     0.596998333931
1.69     0.597188726068     0.386873602867     0.597234025598
1.7     0.59740704298     0.386489987373     0.597451493144
1.71     0.597671806812     0.386647522449     0.597716242075
1.72     0.597846329212     0.386726796627     0.597890868783
1.73     0.598097249866     0.386339485645     0.598140954971
1.74     0.598299533129     0.386703789234     0.598343282938
1.75     0.598467260599     0.386176526546     0.598510280252
1.76     0.598699122667     0.386335492134     0.598742246628
1.77     0.598841577768     0.386154651642     0.598884835839
1.78     0.599045813084     0.385795533657     0.599088355899
1.79     0.599215433002     0.385999679565     0.599258124828
1.8     0.599339514971     0.385355234146     0.599381610751
1.81     0.599538609385     0.385734498501     0.599580913782
1.82     0.599647834897     0.385614693165     0.599690377712
1.83     0.599811956286     0.385657131672     0.599853917956
1.84     0.599948689342     0.386080026627     0.599990904331
1.85     0.600038230419     0.385716497898     0.600079938769
1.86     0.600204303861     0.386145234108     0.600246250629
1.87     0.600280702114     0.385939657688     0.600322902203
1.88     0.600415185094     0.385884463787     0.600456878543
1.89     0.600519374013     0.38619107008     0.600561320782
1.9     0.600581601262     0.385732889175     0.600623041391
1.91     0.600715354085     0.386081278324     0.600757032633
1.92     0.60075853765     0.385725796223     0.600800469518
1.93     0.600868448615     0.385663926601     0.600909888744
1.94     0.600938752294     0.385838329792     0.600980445743
1.95     0.600979208946     0.385378718376     0.601020410657
1.96     0.601078256965     0.385704994202     0.601119726896
1.97     0.601086333394     0.385265767574     0.601128071547
1.98     0.601177573204     0.38527739048     0.601218909025
1.99     0.601212143898     0.385354220867     0.601253807545
2.0     0.601236924529     0.384969651699     0.601278156042
2.01     0.601300105453     0.385296881199     0.601341679692
2.02     0.601272553205     0.384830534458     0.601314485073
2.03     0.601351752877     0.384910345078     0.601393297315
2.04     0.601351052523     0.384893476963     0.601392954588
2.05     0.601367264986     0.384592413902     0.601408720016
2.06     0.601395264268     0.384944558144     0.601437076926
2.07     0.601348042488     0.384428739548     0.601389408112
2.08     0.601406946778     0.384567201138     0.601448744535
2.09     0.601372495294     0.384476184845     0.60141466558
2.1     0.60138644278     0.384195506573     0.601428240538
2.11     0.601381331682     0.384614825249     0.601423501968
2.12     0.601335346699     0.384206116199     0.601377114654
2.13     0.601362138987     0.384593963623     0.601404309273
2.14     0.601297184825     0.384654462337     0.601339802146
2.15     0.601315394044     0.384674966335     0.601357489824
2.16     0.601281225681     0.385192990303     0.601323753595
2.17     0.601242691278     0.384887099266     0.601284742355
2.18     0.601241886616     0.385206460953     0.601284369826
2.19     0.601151645184     0.385296940804     0.601194500923
2.2     0.601180717349     0.385115861893     0.601223036647
2.21     0.601122811437     0.385597705841     0.601165533066
2.22     0.601097136736     0.385220885277     0.601139307022
2.23     0.601073086262     0.38544511795     0.601115599275
2.24     0.600991889834     0.385522007942     0.601033836603
2.25     0.601003959775     0.385236024857     0.601046308875
2.26     0.600925162435     0.385655403137     0.600967779756
2.27     0.60091522336     0.385236501694     0.600957274437
2.28     0.600871369243     0.385391712189     0.600913748145
2.29     0.600807473063     0.385385990143     0.600849285722
2.3     0.600800693035     0.38506770134     0.600842818618
2.31     0.600704804063     0.385407567024     0.600747138262
2.32     0.600713431835     0.384939670563     0.600755259395
2.33     0.600653678179     0.385057210922     0.600695773959
2.34     0.60060955584     0.384923219681     0.600651144981
2.35     0.600587785244     0.38462305069     0.600629672408
2.36     0.600489631295     0.384867787361     0.600530967116
2.37     0.600507974625     0.384366869926     0.600549563766
2.38     0.600436121225     0.38446354866     0.600477963686
2.39     0.600413322449     0.384197711945     0.600454598665
2.4     0.600380450487     0.38393497467     0.600422039628
2.41     0.600304141641     0.384887933731     0.600345164537
2.42     0.600312367082     0.383568286896     0.600353628397
2.43     0.600231811404     0.384172677994     0.600273385644
2.44     0.600230723619     0.383277177811     0.600271806121
2.45     0.600190043449     0.383221387863     0.600231304765
2.46     0.60013525188     0.383300662041     0.600176095963
2.47     0.60013628006     0.382608771324     0.600177288055
2.48     0.600049734116     0.383138895035     0.600090995431
2.49     0.60006968677     0.382241129875     0.600110501051
2.5     0.600023627281     0.381999969482     0.600064620376
2.51     0.599989324808     0.381866812706     0.600029855967
2.52     0.599985271692     0.381550073624     0.600026011467
2.53     0.599894791842     0.381366491318     0.599935740232
2.54     0.599934488535     0.381161093712     0.59997497499
2.55     0.599885106087     0.380814433098     0.599925726652
2.56     0.599869862199     0.380780339241     0.599910020828
2.57     0.59986281395     0.380485534668     0.599903106689
2.58     0.59979082644     0.380294084549     0.599830746651
2.59     0.599828124046     0.380180597305     0.599868163466
2.6     0.599777191877     0.37974524498     0.599817350507
2.61     0.599779367447     0.379851102829     0.599819153547
2.62     0.599771037698     0.379466295242     0.599810928106
2.63     0.599715948105     0.379398226738     0.599755495787
2.64     0.599752411246     0.379298686981     0.599792078137
2.65     0.59970138967     0.378849387169     0.599741175771
2.66     0.599719405174     0.379052877426     0.599758923054
2.67     0.599711373448     0.378566145897     0.599750950933
2.68     0.599671334028     0.378642678261     0.599710673094
2.69     0.599708035588     0.378478288651     0.599747598171
2.7     0.599657744169     0.378106236458     0.599697560072
2.71     0.599689349532     0.378342866898     0.599729016423
2.72     0.599681705236     0.377823591232     0.599721640348
2.73     0.599654376507     0.378006577492     0.599694103003
2.74     0.599691316485     0.377744555473     0.599731370807
2.75     0.599641770124     0.377512216568     0.599682167172
2.76     0.599685147405     0.377740263939     0.599725320935
2.77     0.599678471684     0.377255439758     0.599718958139
2.78     0.599662572145     0.377498984337     0.599702775478
2.79     0.599700734019     0.377186655998     0.599741175771
2.8     0.599653273821     0.377050876617     0.599693953991
2.81     0.599707752466     0.377236247063     0.59974808991
2.82     0.599703490734     0.376806735992     0.5997441113
2.83     0.599698334932     0.377072691917     0.599738612771
2.84     0.599739253521     0.376728653908     0.599779739976
2.85     0.599695131183     0.376652598381     0.599735796452
2.86     0.59975938499     0.3767619133     0.599799796939
2.87     0.599758386612     0.376401424408     0.599799066782
2.88     0.599761962891     0.376658678055     0.599802434444
2.89     0.599805518985     0.376295804977     0.59984639287
2.9     0.599764212966     0.376260519028     0.599805474281
2.91     0.599835515022     0.376293182373     0.599876642227
2.92     0.599836692214     0.37600338459     0.599878191948
2.93     0.599846452475     0.376231789589     0.599887728691
2.94     0.599891781807     0.375882387161     0.599933415651
2.95     0.599852338433     0.375876784325     0.59989438951
2.96     0.599928975105     0.375862002373     0.599970683455
2.97     0.599932044744     0.375641107559     0.59997394681
2.98     0.599946841598     0.375824451447     0.599988371134
2.99     0.599994197488     0.37552011013     0.600035920739
3.0     0.599957197905     0.375522136688     0.599999085069
3.01     0.600038617849     0.375483751297     0.600080117583
3.02     0.600044235587     0.375312566757     0.60008585453
3.03     0.60006351769     0.375435233116     0.600104704499
3.04     0.600113362074     0.375185728073     0.600154742599
3.05     0.600078985095     0.375173926353     0.600120514631
3.06     0.600164040923     0.375117659569     0.600205272436
3.07     0.600171908736     0.374979972839     0.600213289261
3.08     0.600194528699     0.375019788742     0.600235641003
3.09     0.600246250629     0.374838829041     0.600287526846
3.1     0.600213691592     0.374800562859     0.600255101919
3.11     0.600301906466     0.374731659889     0.600342974067
3.12     0.600311473012     0.374623417854     0.600352719426
3.13     0.600337699056     0.374562859535     0.600378602743
3.14     0.600391328335     0.374471545219     0.600432261825
3.15     0.600361064076     0.374402403831     0.600402057171
3.16     0.600453913212     0.374319911003     0.60049456358
3.17     0.600466296077     0.374243855476     0.600506871939
3.18     0.600498244166     0.374087095261     0.6005384624
3.19     0.600555032492     0.374071240425     0.600595295429
3.2     0.60052844882     0.373971581459     0.600568696856
3.21     0.600627928972     0.373854637146     0.60066780448
3.22     0.600644186139     0.373815536499     0.60068410635
3.23     0.600683242083     0.373564124107     0.600722879171
3.24     0.600744172931     0.373602986336     0.600783869624
3.25     0.600721865892     0.373472809792     0.600761577487
3.26     0.600828364491     0.373268008232     0.600867941976
3.27     0.600848987699     0.373299717903     0.600888684392
3.28     0.60089507699     0.372955203056     0.600934684277
3.29     0.60096052289     0.373014092445     0.601000234485
3.3     0.600945264101     0.37288081646     0.600984960794
3.31     0.601057574153     0.37251663208     0.601097404957
3.32     0.601083666086     0.372669219971     0.601123631001
3.33     0.601140037179     0.372255802155     0.601179912686
3.34     0.601211681962     0.372255921364     0.601251751184
3.35     0.601208373904     0.37217104435     0.601248309016
3.36     0.601327672601     0.371647000313     0.601367756724
3.37     0.601361453533     0.371866822243     0.601401716471
3.38     0.60143007338     0.371424674988     0.601470172405
3.39     0.601510345936     0.371202230453     0.601550623775
3.4     0.601519018412     0.371276378632     0.601559221745
3.41     0.601648271084     0.370628833771     0.601688653231
3.42     0.601692736149     0.370770215988     0.601733237505
3.43     0.601775705814     0.370396375656     0.601816222072
3.44     0.601867601275     0.369934439659     0.601908355951
3.45     0.601893305779     0.370088815689     0.601934090257
3.46     0.602035433054     0.369405508041     0.602076560259
3.47     0.602093443274     0.369230031967     0.602134928107
3.48     0.602195039392     0.369066119194     0.602236658335
3.49     0.602302208543     0.36847448349     0.602344274521
3.5     0.602347716689     0.368374705315     0.602389842272
