0.0      0.999907432899
0.005      0.999907444871
0.01      0.999907449476
0.015      0.999907466526
0.02      0.999907481283
0.025      0.9999074904
0.03      0.999907552077
0.035      0.999907567212
0.04      0.999907581445
0.045      0.9999076067
0.05      0.999907636782
0.055      0.999907609504
0.06      0.999907544045
0.065      0.999907513696
0.07      0.999907500852
0.075      0.999907475022
0.08      0.99990737746
0.085      0.99990729377
0.09      0.999907118395
0.095      0.999906935051
0.1      0.999906724138
0.105      0.999906621798
0.11      0.999906534748
0.115      0.999906528646
0.12      0.999906644059
0.125      0.999906762422
0.13      0.999906746563
0.135      0.999906721259
0.14      0.999906613314
0.145      0.999906401316
0.15      0.999906198799
0.155      0.999905830335
0.16      0.999905356812
0.165      0.999904801449
0.17      0.999904401092
0.175      0.999904084451
0.18      0.999903923641
0.185      0.999903529847
0.19      0.999903005784
0.195      0.999902353523
0.2      0.99990153629
0.205      0.999900514745
0.21      0.999899141396
0.215      0.999897678855
0.22      0.999896331397
0.225      0.999896331397
0.23      0.999893536468
0.235      0.99989172364
0.24      0.999889575489
0.245      0.999887126236
0.25      0.999884096384
0.255      0.999880673993
0.26      0.999877242068
0.265      0.999873641576
0.27      0.999869675446
0.275      0.999865155349
0.28      0.999859970044
0.285      0.999854160092
0.29      0.999847748765
0.295      0.999840638075
0.3      0.999833293669
0.305      0.999825318406
0.31      0.999816532468
0.315      0.999806700016
0.32      0.999796118
0.325      0.999784435881
0.33      0.999771779505
0.335      0.999758551786
0.34      0.999744077048
0.345      0.999728403392
0.35      0.999711492836
0.355      0.999693216312
0.36      0.999673654328
0.365      0.999652699958
0.37      0.999630218745
0.375      0.999606327577
0.38      0.999580635499
0.385      0.999553224349
0.39      0.999524275929
0.395      0.999493037092
0.4      0.999459990947
0.405      0.999424996027
0.41      0.999387803426
0.415      0.999348593809
0.42      0.999307201243
0.425      0.999262982216
0.43      0.999216282895
0.435      0.999167258284
0.44      0.999115684234
0.445      0.99906159604
0.45      0.999004637804
0.455      0.998944360809
0.46      0.998881185427
0.465      0.998815188198
0.47      0.998746373516
0.475      0.998674398841
0.48      0.998598732417
0.485      0.998519599392
0.49      0.99843715513
0.495      0.998351654404
0.5      0.99826270649
0.505      0.998169912676
0.51      0.998072843559
0.515      0.997972336124
0.52      0.997868229831
0.525      0.997760913362
0.53      0.997649352379
0.535      0.997533380454
0.54      0.997413259968
0.545      0.997289386172
0.55      0.997162129031
0.555      0.997030857169
0.56      0.996894866808
0.565      0.996754198519
0.57      0.996609922638
0.575      0.996461839681
0.58      0.996310010752
0.585      0.996153427591
0.59      0.995992179282
0.595      0.995826935477
0.6      0.995658106377
0.605      0.995485330879
0.61      0.995485330879
0.615      0.995126401686
0.62      0.994940574654
0.625      0.994751328609
0.63      0.994558193113
0.635      0.994360759853
0.64      0.994158981611
0.645      0.993951884891
0.65      0.993742957596
0.655      0.993530554599
0.66      0.993313952797
0.665      0.993093589992
0.67      0.992869032978
0.675      0.992642001154
0.68      0.992411680981
0.685      0.992177680937
0.69      0.991940189867
0.695      0.991699273989
0.7      0.991455778034
0.705      0.991209481261
0.71      0.990960213028
0.715      0.990707703924
0.72      0.99045224964
0.725      0.990194432674
0.73      0.989934710148
0.735      0.989672294443
0.74      0.989406961547
0.745      0.989139221336
0.75      0.988869775725
0.755      0.988598809728
0.76      0.988325623872
0.765      0.98805012348
0.77      0.987772637777
0.775      0.987493925628
0.78      0.987214421334
0.785      0.9869332766
0.79      0.986650136807
0.795      0.986365370179
0.8      0.986080287821
0.805      0.985794597799
0.81      0.985507826666
0.815      0.98521975925
0.82      0.984930606172
0.825      0.984641600023
0.83      0.984352180766
0.835      0.984062680796
0.84      0.983772161843
0.845      0.983481355228
0.85      0.983190802848
0.855      0.982900675426
0.86      0.982610653567
0.865      0.982320152817
0.87      0.982029981962
0.875      0.98174069859
0.88      0.981452055193
0.885      0.981163764714
0.89      0.980875836658
0.895      0.980588418549
0.9       0.980302387001
0.905      0.980017454431
0.91      0.979733270221
0.915      0.97944977413
0.92      0.979167133662
0.925      0.978886350218
0.93      0.978607222008
0.935      0.978328965009
0.94      0.978051605084
0.945      0.977775680317
0.95      0.977502013761
0.955      0.977230053545
0.96      0.976959297131
0.965      0.976689717411
0.97      0.976422255576
0.975      0.97615703435
0.98      0.975893733862
0.985      0.975631706537
0.99      0.975371436267
0.995      0.975113715179
1.0      0.975113715179
1.005      0.974604575995
1.01      0.974352575186
1.015      0.974102468255
1.02      0.973855229299
1.025      0.973610168262
1.03      0.973367552999
1.035      0.973126409155
1.04      0.972887544401
1.045      0.972651613024
1.05      0.972418210937
1.055      0.972187150445
1.06      0.971957787005
1.065      0.971730989525
1.07      0.971507144323
1.075      0.971285909252
1.08      0.971067033975
1.085      0.9708499725
1.09      0.970635701205
1.095      0.970424528966
1.1      0.970215900968
1.105      0.970009381093
1.11      0.969805243103
1.115      0.969603793932
1.12      0.969405363552
1.125      0.969209527313
1.13      0.969015744549
1.135      0.968824540878
1.14      0.968635959063
1.145      0.968450448094
1.15      0.968267290398
1.155      0.968086377205
1.16      0.967907923659
1.165      0.967732107299
1.17      0.967559310645
1.175      0.96738857723
1.18      0.967220309347
1.185      0.967054542889
1.19      0.966891260502
1.195      0.9667306972
1.2      0.966572446667
1.205      0.966416533316
1.21      0.966263041986
1.215      0.966111922684
1.22      0.965963471422
1.225      0.965817304248
1.23      0.965673351915
1.235      0.965531735997
1.24      0.965392520267
1.245      0.965255947817
1.25      0.965121306729
1.255      0.964988987909
1.26      0.964858882028
1.265      0.964731021972
1.27      0.964605892566
1.275      0.964482498721
1.28      0.964361419772
1.285      0.964242173475
1.29      0.964125455314
1.295      0.964010968159
1.3      0.963898506894
1.305      0.963788054475
1.31      0.963678535958
1.315      0.963572355784
1.32      0.963468226367
1.325      0.963366002918
1.33      0.963265527245
1.335      0.963166974243
1.34      0.963070545441
1.345      0.962976359322
1.35      0.96288383923
1.355      0.96279268458
1.36      0.962703795158
1.365      0.962616670833
1.37      0.962531853647
1.375      0.962448261063
1.38      0.962366031566
1.385      0.962286060987
1.39      0.96220789676
1.395      0.962131691954
1.4      0.962056395203
1.405      0.961982784125
1.41      0.961910999168
1.415      0.96184132411
1.42      0.961773007615
1.425      0.96170546252
1.43      0.961639884894
1.435      0.96157591789
1.44      0.96151394436
1.445      0.961452821792
1.45      0.961392757151
1.455      0.961334485245
1.46      0.961277793859
1.465      0.961222834284
1.47      0.961168450965
1.475      0.961115425164
1.48      0.961063756301
1.485      0.961013916677
1.49      0.960965204687
1.495      0.960917138076
1.5      0.960870411625
1.505      0.960824986646
1.51      0.960781346202
1.515      0.960738344031
1.52      0.960696232736
1.525      0.960655219989
1.53      0.960615571337
1.535      0.960577421224
1.54      0.960539682309
1.545      0.960503151555
1.55      0.960467262122
1.555      0.960433020782
1.56      0.960399711494
1.565      0.96036684982
1.57      0.960335184574
1.575      0.960304123104
1.58      0.960274762593
1.585      0.960245856142
1.59      0.960217572015
1.595      0.960190124831
1.6       0.960163500911
1.605      0.960138424362
1.61      0.960113541368
1.615      0.960089515666
1.62      0.960065905275
1.625      0.960043410657
1.63      0.960022069059
1.635      0.960000835518
1.64      0.959980536771
1.645      0.959960476436
1.65      0.959941751762
1.655      0.959923702461
1.66      0.959905898276
1.665      0.959888704626
1.67      0.959871912177
1.675      0.959856573625
1.68      0.959841512733
1.685      0.959826782164
1.69      0.959812421661
1.695      0.959798691301
1.7      0.959786196346
1.705      0.959773777218
1.71      0.959761847155
1.715      0.95975004736
1.72      0.959739234071
1.725      0.959729082415
1.73      0.95971908056
1.735      0.959709547885
1.74      0.959700059361
1.745      0.959691759711
1.75      0.959683781436
1.755      0.959676056797
1.76      0.959668473726
1.765      0.959668473726
1.77      0.959655026514
1.775      0.959649003475
1.78      0.959643311877
1.785      0.959637428557
1.79      0.959632186598
1.795      0.959627833847
1.8      0.959623480505
1.805      0.959619579032
1.81      0.959615295121
1.815      0.959611950286
1.82      0.959609107268
1.825      0.959606247685
1.83      0.959603781451
1.835      0.959600930078
1.84     0.959599262074
1.845      0.959597741087
1.85      0.959596284647
1.855      0.959595021456
1.86      0.95959354825
1.865      0.9595932207
1.87      0.959592865593
1.875      0.959592655219
1.88      0.959592280503
1.885      0.959592196634
1.89      0.959592967855
1.895      0.959593570658
1.9      0.959594446403
1.905      0.959594961932
1.91      0.959596052008
1.915      0.959597733238
1.92      0.959599188658
1.925      0.959600889019
1.93      0.959602215333
1.935      0.959604360317
1.94      0.959606735711
1.945      0.95960899997
1.95      0.959611382923
1.955      0.959613442346
1.96      0.959616455271
1.965      0.959619443327
1.97      0.959622404822
1.975      0.959625232227
1.98      0.959628052561
1.985      0.959631721108
1.99      0.959635227063
1.995      0.959638747229
2.0      0.959641925155
2.005      0.959645458753
2.01      0.959649589108
2.015      0.959653469336
2.02      0.959657405448
2.025      0.959660965933
2.03      0.959665116012
2.035      0.959669603772
2.04      0.959673789386
2.045      0.959678011149
2.05      0.959681951443
2.055      0.959686533757
2.06      0.959691266448
2.065      0.959695760418
2.07      0.959700134011
2.075      0.959704379158
2.08      0.959709292034
2.085      0.95971420374
2.09      0.959718897867
2.095      0.959723308587
2.1      0.959727904857
2.105      0.959733016213
2.11      0.959738007889
2.115      0.959742840487
2.12      0.959747238947
2.125      0.959752156712
2.13      0.959757351909
2.135      0.959762316496
2.14      0.959767158556
2.145      0.959771630844
2.15      0.959776683824
2.155      0.959781924072
2.16      0.959786884057
2.165      0.959791613775
2.17      0.959796146343
2.175      0.959801300003
2.18      0.959806517756
2.185      0.959811359089
2.19      0.959815933695
2.195      0.959820529826
2.2      0.959825639003
2.205      0.95983074794
2.21      0.959835480147
2.215      0.959839858956
2.22      0.959844528246
2.225      0.959849548893
2.23      0.959854431004
2.235      0.959858995009
2.24      0.959863164236
2.245      0.959867884171
2.25      0.959872673338
2.255      0.959877268203
2.26      0.959881608837
2.265      0.959885606518
2.27      0.959890222304
2.275      0.959894887299
2.28      0.959899183452
2.285      0.959903197881
2.29      0.95990707849
2.295      0.95991146377
2.3      0.959915922592
2.305      0.959919926555
2.31      0.959923572669
2.315      0.959927320553
2.32      0.959931484489
2.325      0.95993561221
2.33      0.959939299684
2.335      0.959942581282
2.34      0.959946248944
2.345      0.959950089665
2.35      0.959953824503
2.355      0.95995711765
2.36      0.959960046046
2.365      0.9599635344
2.37      0.959967040812
2.375      0.95997031928
2.38      0.959973240401
2.385      0.959975881281
2.39      0.959979101043
2.395      0.959982333228
2.4      0.959985099679
2.405      0.959987592996
2.41      0.959990006151
2.415      0.959992846603
2.42      0.959995750233
2.425      0.959998109056
2.43      0.96000006816
2.435      0.96000226617
2.44      0.960004761945
2.445      0.960007190528
2.45      0.960007190528
2.455      0.960010619973
2.46      0.960012614992
2.465      0.960014665916
2.47     0.960016567844
2.475      0.960018017651
2.48      0.960019106302
2.485      0.960020801765
2.49      0.960022469544
2.495      0.960023827078
2.5      0.96002479988
2.505      0.960025581224
2.51      0.96002685788
2.515      0.960028197498
2.52      0.960028953758
2.525      0.960029397894
2.53      0.960029917391
2.535      0.960030778377
2.54      0.960031653283
2.545      0.96003195528
2.55      0.96003186679
2.555      0.960032133834
2.56      0.960032552075
2.565      0.960032897254
2.57      0.960032696713
2.575      0.960032126991
2.58      0.960032080482
2.585      0.96003204649
2.59      0.960031797499
2.595      0.960031097747
2.6      0.960030125762
2.605      0.960029717205
2.61      0.960029309629
2.615      0.960028446565
2.62      0.960027253516
2.625      0.960025941295
2.63      0.960025074312
2.635      0.960024284275
2.64      0.960022849678
2.645      0.960021077688
2.65      0.960019502758
2.655      0.960018218038
2.66      0.960016885174
2.665      0.960014973446
2.67      0.960012676231
2.675      0.960010846595
2.68      0.960009077121
2.685      0.960007145163
2.69      0.960004731725
2.695      0.960001978113
2.7      0.959999775871
2.705      0.959997609026
2.71      0.959995074089
2.715      0.959992155325
2.72      0.959989034905
2.725      0.959986414863
2.73      0.959983840356
2.735      0.959980682159
2.74      0.959977212899
2.745      0.959973796816
2.75      0.959970749783
2.755      0.959967667549
2.76      0.959964003129
2.765      0.959959978876
2.77      0.959956280952
2.775      0.959952758675
2.78      0.959949135703
2.785      0.959944935283
2.79      0.959940389162
2.795      0.959936350213
2.8      0.959932383981
2.805      0.959928094946
2.81      0.95992339168
2.815      0.959918419402
2.82      0.959913967531
2.825      0.959909541282
2.83      0.959904619629
2.835      0.959899350904
2.84      0.959894023117
2.845      0.959889111239
2.85      0.959884231459
2.855      0.959878698563
2.86      0.959872824094
2.865      0.95986714402
2.87      0.959861713201
2.875      0.95985622739
2.88      0.959850137014
2.885      0.959843674979
2.89      0.959837638631
2.895      0.959831676842
2.9      0.959825480126
2.905      0.959818787386
2.91      0.959811780954
2.915      0.959805303461
2.92      0.959798797558
2.925      0.959791855699
2.93      0.959784540295
2.935      0.959777055354
2.94      0.959769970427
2.945      0.959762918066
2.95      0.959755261245
2.955      0.959747207367
2.96      0.959739225298
2.965      0.959731559861
2.97      0.959723793874
2.975      0.959715395222
2.98      0.959706596342
2.985      0.959698103427
2.99      0.959689713506
2.995      0.959681147469
