0.0       0.999907230132
0.005       0.999907237421
0.01       0.999907268821
0.015       0.999907304631
0.02       0.99990734785
0.025       0.999907400949
0.03       0.999907464844
0.035       0.999907468308
0.04      0.999907489541
0.045       0.999907497429
0.05       0.99990744135
0.055       0.999907401673
0.06       0.999907360358
0.065       0.999907370359
0.07       0.999907293224
0.075       0.999907129548
0.08      0.999906888507
0.085       0.999906722466
0.09       0.999906609727
0.095      0.99990646878
0.1       0.999906404155
0.105       0.999906443072
0.11      0.99990659172
0.115      0.999906606745
0.12       0.999906449714
0.125       0.999906049889
0.13       0.999905720369
0.135       0.999905133635
0.14      0.999904489788
0.145       0.999903789362
0.15       0.999902996446
0.155       0.999902383537
0.16       0.999901693139
0.165       0.999900609763
0.17       0.999899006781
0.175       0.999897174975
0.18       0.999895082611
0.185       0.999892478884
0.19       0.999889648318
0.195       0.999886596425
0.2      0.999883162089
0.205       0.999878678576
0.21       0.999873445022
0.215       0.999867616531
0.22       0.999860757621
0.225      0.999853269524
0.23       0.999844820558
0.235       0.99983507962
0.24      0.999823924398
0.245      0.999811348899
0.25       0.999797146671
0.255       0.999781548397
0.26       0.999763993064
0.265       0.999744387789
0.27       0.999722438518
0.275       0.999697984827
0.28       0.999671039031
0.285       0.999641468906
0.29       0.999608623923
0.295       0.999572406041
0.3      0.999532618883
0.305       0.999489133385
0.31       0.999441439966
0.315      0.999389182083
0.32       0.999332477563
0.325    0.999270211715
0.33      0.999203019163
0.335       0.999130688778
0.34       0.999051546168
0.345       0.998965941474
0.35       0.998873936824
0.355       0.998774524185
0.36     0.998667625391
0.365       0.998552805596
0.37      0.9984298671
0.375       0.998297463403
0.38      0.99815573406
0.385       0.998004566281
0.39       0.997844554244
0.395      0.997672510252
0.4       0.997489256058
0.405       0.997294517445
0.41       0.997088004895
0.415       0.996870910146
0.42       0.996639061763
0.425       0.996393949897
0.43       0.996134901686
0.435       0.995861840669
0.44       0.995576583172
0.445       0.995273897406
0.45       0.994955470995
0.455       0.994621164005
0.46       0.994270506432
0.465       0.993903623552
0.47    0.993522206541
0.475       0.993120166529
0.48       0.992700512657
0.485       0.992262462932
0.49       0.991806208851
0.495       0.991331603703
0.5      0.990840837924
0.505       0.990327751051
0.51       0.98979462212
0.515       0.98924193543
0.52       0.988669877185
0.525       0.988081408073
0.53       0.987469007011
0.535       0.986836215738
0.54       0.986182586352
0.545       0.98550883745
0.55       0.98481978496
0.555    0.984105374437
0.56     0.983370313687
0.565       0.982615039654
0.57       0.981838600922
0.575       0.981047956246
0.58       0.980232656078
0.585       0.979396632193
0.59       0.978540599305
0.595      0.977670609321
0.6       0.976775539707
0.605       0.975860785648
0.61       0.974927964704
0.615       0.973982807077
0.62       0.973011715405
0.625       0.972022410111
0.63       0.971022598893
0.635       0.969998892565
0.64       0.968956848008
0.645       0.967905876365
0.65       0.966830899513
0.655       0.965739268255
0.66      0.964639393996
0.665       0.963517684072
0.67       0.9623809332
0.675       0.961236710696
0.68       0.960069723562
0.685      0.958890033602
0.69       0.957704845499
0.695       0.956498659202
0.7      0.955287977137
0.705       0.954057798458
0.71       0.952815047224
0.715       0.951569303042
0.72       0.950303361457
0.725       0.949037601582
0.73      0.947753644992
0.735       0.946467833709
0.74       0.94516299691
0.745       0.943859302342
0.75       0.942538538409
0.755       0.94121012625
0.76       0.93988260105
0.765      0.938539247989
0.77       0.937199003098
0.775       0.935842701455
0.78       0.934489312736
0.785      0.933120566701
0.79      0.931758199467
0.795       0.93038135322
0.8      0.929008983805
0.805      0.927631185063
0.81      0.926240925395
0.815       0.924858478965
0.82       0.923463223079
0.825      0.922074641574
0.83       0.92067270576
0.835       0.919279666293
0.84       0.917884877258
0.845       0.916479304128
0.85       0.91508197165
0.855      0.913673983146
0.86       0.912276503529
0.865       0.910878435682
0.87      0.909469823902
0.875       0.908070707457
0.88       0.906663230243
0.885      0.905268025209
0.89       0.903873188712
0.895       0.902469748531
0.9       0.901075615124
0.905       0.899684475103
0.91       0.898287724675
0.915       0.896901945796
0.92       0.895518959692
0.925       0.894127677365
0.93      0.892748732187
0.935       0.891374761325
0.94       0.889994136561
0.945    0.888626011866
0.95       0.887261073407
0.955       0.885890945874
0.96      0.884534797279
0.965      0.88318263279
0.97       0.881833877175
0.975       0.88048054223
0.98       0.879141334455
0.985       0.877808615473
0.99      0.87647878524
0.995       0.875145855398
1.0       0.873824500132
1.005      0.872510129175
1.01       0.871203398721
1.015       0.869893008243
1.02       0.86859437464
1.025       0.867301071592
1.03       0.86601452554
1.035       0.864735001032
1.04      0.863453730766
1.045       0.862186385884
1.05       0.860923232525
1.055       0.859666033895
1.06       0.858409040974
1.065       0.857167762688
1.07       0.855930865997
1.075      0.854701418978
1.08       0.853477498078
1.085       0.852261597522
1.09       0.851044748983
1.095       0.849842069155
1.1       0.848645392913
1.105       0.8474564384
1.11      0.84627459366
1.115       0.845092837631
1.12      0.843925463782
1.125       0.842763196717
1.13       0.841609653672
1.135       0.840461365118
1.14       0.839317706552
1.145      0.838186134006
1.15       0.837060717762
1.155      0.835941084026
1.16       0.834830362165
1.165       0.833729480341
1.17      0.832627571246
1.175       0.831539042375
1.18       0.830457550084
1.185     0.829383332923
1.19       0.828316218541
1.195       0.827253083622
1.2       0.8262040084
1.205       0.825158600692
1.21       0.824121049056
1.215       0.823090781101
1.22       0.822072463932
1.225       0.821052484469
1.23      0.820046574111
1.235      0.819047400069
1.24       0.81805398766
1.245       0.817070350041
1.25       0.816090225504
1.255       0.815120439564
1.26       0.814158865745
1.265       0.813203587026
1.27      0.812257262143
1.275      0.811320381428
1.28      0.810380520112
1.285       0.809456201333
1.29      0.808539631878
1.295      0.80762967172
1.3       0.806726584977
1.305       0.805827668376
1.31       0.804940158261
1.315      0.804058028963
1.32      0.803184391427
1.325       0.802318670121
1.33       0.801458360945
1.335       0.800605688538
1.34       0.799759571244
1.345       0.798921676116
1.35       0.798090439583
1.355      0.797267936523
1.36       0.79645245395
1.365      0.795642173409
1.37       0.794838860521
1.375       0.794045690187
1.38       0.793255445322
1.385       0.792476766411
1.39       0.791701853703
1.395       0.790933676935
1.4      0.790173595905
1.405       0.789413295078
1.41       0.788673952806
1.415       0.787935675517
1.42       0.787201713514
1.425       0.786474344911
1.43      0.785747545145
1.435       0.785041824348
1.44     0.784339614841
1.445      0.783640204146
1.45      0.782941697221
1.455      0.782249994121
1.46      0.781572840981
1.465      0.780906778075
1.47      0.780239670307
1.475      0.77956731564
1.48      0.778915657643
1.485      0.778265487456
1.49      0.777634642632
1.495      0.776999745376
1.5      0.776361499483
1.505      0.775739845403
1.51      0.775121433907
1.515      0.774514574782
1.52      0.773911437632
1.525      0.773311422658
1.53     0.772715301734
1.535      0.772124413743
1.54      0.771538193019
1.545      0.770976585243
1.55     0.770407152933
1.555      0.769837506344
1.56      0.769268981913
1.565     0.768713262996
1.57      0.768181563599
1.575      0.767648714961
1.58      0.767103031398
1.585      0.766560250965
1.59      0.766034953161
1.595      0.765528027208
1.6      0.765028064628
1.605      0.764516412217
1.61      0.76399724977
1.615      0.763493529302
1.62      0.76300685556
1.625      0.762546361515
1.63      0.762065590215
1.635      0.761570528181
1.64      0.761087050986
1.645      0.760629235545
1.65     0.760186918328
1.655      0.759742559403
1.66      0.759279715297
1.665     0.75881214355
1.67     0.758364707877
1.675      0.75793744261
1.68     0.757539719497
1.685     0.757108614533
1.69      0.756660001688
1.695      0.756219414012
1.7      0.755813504775
1.705      0.755441598439
1.71      0.755050047375
1.715      0.754625983255
1.72      0.754191437199
1.725      0.753795858838
1.73      0.753445331888
1.735     0.753092486087
1.74      0.752688269905
1.745      0.752276596941
1.75     0.751881507935
1.755      0.751529004717
1.76      0.751220556097
1.765      0.750856103742
1.77      0.75046452033
1.775      0.750069361753
1.78      0.749716393614
1.785      0.74943102305
1.79      0.749114744395
1.795      0.74874935329
1.8      0.748353445992
1.805      0.747989993438
1.81      0.747699234519
1.815      0.747440309153
1.82     0.747099870957
1.825      0.746713957023
1.83      0.7463401895
1.835      0.746034397441
1.84      0.745807536754
1.845      0.745508326298
1.85      0.745137823981
1.855     0.744767005354
1.86      0.744457270921
1.865      0.744208445265
1.87      0.743967988795
1.875     0.74361951204
1.88      0.743256555087
1.885      0.742935253744
1.89      0.742651808811
1.895     0.74244593329
1.9      0.742154415491
1.905      0.74181831485
1.91      0.741487117365
1.915     0.74118831038
1.92      0.740945675814
1.925      0.740724183088
1.93      0.740416501077
1.935      0.740089456358
1.94      0.739775543925
1.945      0.739474555281
1.95      0.739276171469
1.955      0.739015343914
1.96     0.738695501038
1.965      0.738370229282
1.97      0.738044891635
1.975   0.737788256084
1.98   0.737596296726
1.985      0.737310013526
1.99      0.736986790809
1.995     0.736657590094
2.0      0.73634433624
2.005      0.736134105331
2.01      0.735909416745
2.015      0.735619262352
2.02      0.735279408907
2.025      0.734952893768
2.03      0.734667549369
2.035      0.734486008136
2.04      0.734247036061
2.045      0.733948143085
2.05      0.733611776738
2.055      0.73329026342
2.06      0.733038211194
2.065      0.732868252901
2.07      0.732615675623
2.075     0.732293012028
2.08      0.731953707923
2.085     0.731636272738
2.09     0.731425909761
2.095      0.731254170934
2.1      0.730972163783
2.105      0.730631391103
2.11      0.730292834527
2.115    0.729998461883
2.12      0.729817000078
2.125      0.729613248882
2.13      0.729310315785
2.135      0.728975378223
2.14     0.728658793963
2.145      0.72838264585
2.15     0.728197776594
2.155      0.727962558135
2.16      0.727658021577
2.165      0.727345421344
2.17     0.727035281205
2.175      0.726767587285
2.18      0.726560815995
2.185      0.726333729898
2.19      0.726049357627
2.195     0.725743708339
2.2      0.725426007697
2.205      0.725147741685
2.21     0.724957581782
2.215      0.724758781086
2.22      0.724474962351
2.225      0.724164366429
2.23      0.723835299669
2.235     0.723574977134
2.24      0.723402901051
2.245      0.723208852537
2.25      0.7229386632
2.255      0.722603360146
2.26      0.722290313578
2.265     0.722067891813
2.27      0.721889233213
2.275     0.721696597488
2.28      0.721423844516
2.285      0.721097399325
2.29      0.720833455685
2.295      0.720606601206
2.3      0.720431609351
2.305      0.720232957936
2.31      0.719950294411
2.315      0.719677810481
2.32      0.719408079263
2.325     0.719185974622
2.33      0.719015328967
2.335      0.718797275061
2.34      0.718561727653
2.345      0.718282693522
2.35    0.718017338904
2.355     0.717779817147
2.36     0.717599455039
2.365      0.71742635869
2.37      0.717189586454
2.375   0.716912849243
2.38      0.716636127957
2.385      0.716393687792
2.39      0.716249660728
2.395      0.716068372536
2.4      0.715833593009
2.405      0.715577789591
2.41      0.715295869911
2.415      0.715085233587
2.42      0.714944505005
2.425    0.714753076409
2.43      0.714542334485
2.435      0.714278627458
2.44      0.714038385746
2.445      0.713824877611
2.45      0.713662276817
2.455    0.713506263929
2.46      0.713301925575
2.465     0.713068158803
2.47      0.712835714486
2.475      0.712630016954
2.48      0.71247985481
2.485      0.712317224126
2.49      0.712151285248
2.495      0.711910164405
2.5      0.711649800373
2.505      0.711462524818
2.51      0.711352845732
2.515    0.711207078605
2.52      0.711036060008
2.525     0.710780376732
2.53     0.71053589806
2.535      0.710384346361
2.54      0.710279333637
2.545      0.71015756479
2.55     0.709932278213
2.555      0.709664659812
2.56      0.709468854255
2.565      0.709350625727
2.57      0.709266196803
2.575      0.709098857179
2.58      0.70887629299
2.585      0.708640072776
2.59      0.708466276824
2.595      0.708370424944
2.6      0.708265213688
2.605      0.708097598908
2.61      0.707882164764
2.615      0.707670189017
2.62      0.707541350138
2.625      0.707441220555
2.63     0.70734321903
2.635    0.707175377575
2.64      0.706992353782
2.645      0.706809054611
2.65      0.706678316166
2.655      0.706574912759
2.66      0.706451345497
2.665      0.706355943043
2.67     0.706199411883
2.675      0.706036523794
2.68     0.705879236709
2.685      0.705766836157
2.69      0.705698326584
2.695      0.705602764358
2.7      0.705416592839
2.705      0.705245303298
2.71      0.705089579436
2.715      0.705038854031
2.72    0.705000119592
2.725      0.704866254825
2.73      0.704663194738
2.735     0.704479959804
2.74      0.704398787877
2.745      0.704367957035
2.75      0.704277883153
2.755      0.704141757057
2.76      0.703958053134
2.765      0.703832761729
2.77      0.703762568213
2.775      0.703712668637
2.78      0.703630903548
2.785      0.703473921384
2.79      0.703337529226
2.795      0.703259413633
2.8      0.703190973293
2.805     0.703126649208
2.81    0.703006199683
2.815      0.70290238869
2.82      0.702811220994
2.825      0.702717178763
2.83      0.702653783811
2.835      0.702552243158
2.84      0.70246480632
2.845      0.702380821058
2.85      0.702283640049
2.855      0.702217664227
2.86      0.702135580569
2.865      0.702105005753
2.87     0.70205643576
2.875      0.701966749773
2.88      0.701866602011
2.885      0.701772084245
2.89      0.701745511504
2.895      0.701732563083
2.9      0.701662819268
2.905      0.701535335672
2.91      0.701434537662
2.915    0.701417650128
2.92      0.701424159868
2.925      0.701367526514
2.93      0.701242675893
2.935     0.701130773456
2.94      0.701091540082
2.945      0.701092863829
2.95      0.701063527065
2.955      0.701003689884
2.96      0.700870031865
2.965      0.700788020931
2.97      0.700784674377
2.975      0.700756419781
2.98      0.700713381572
2.985      0.700644271412
2.99      0.700556587569
2.995      0.700519563756
3.0      0.700521485808
3.005      0.700507014038
3.01      0.700451291848
3.015     0.700377179964
3.02      0.700365786589
3.025     0.70034305604
3.03     0.700316096898
3.035      0.700275996117
3.04      0.700227685225
3.045      0.700222007354
3.05      0.700223311754
3.055      0.700157692883
3.06      0.70012092138
3.065      0.700130377976
3.07      0.70012012813
3.075      0.700121243936
3.08     0.700070975127
3.085      0.700014181396
3.09      0.70004694259
3.095      0.700037891146
3.1     0.70002365284
3.105      0.69996694543
3.11      0.699903213965
3.115      0.69991967459
3.12      0.699945853974
3.125      0.699949221559
3.13    0.699917300864
3.135     0.69985650014
3.14      0.69987303555
3.145      0.699879330272
3.15      0.699898608387
3.155      0.699874015509
3.16      0.699819807488
3.165     0.699828322115
3.17      0.699888389748
3.175      0.699926748773
3.18      0.699938969312
3.185      0.699934380106
3.19      0.699940819221
3.195     0.699977358808
3.2      0.699988782613
3.205      0.700027865956
3.21      0.700042354894
3.215      0.70004833556
3.22      0.700078254143
3.225      0.700085376759
3.23      0.700116493531
3.235    0.700131721245
3.24     0.700166635704
3.245      0.700193881944
3.25      0.700213661641
3.255     0.700229624224
3.26   0.700271564581
3.265      0.700288645511
3.27      0.700322970325
3.275      0.700383905176
3.28      0.700399523598
3.285      0.700449045424
3.29     0.700447025637
3.295      0.700516180835
3.3      0.700577543837
3.305      0.700602121139
3.31      0.700611521714
3.315      0.700633327194
3.32      0.700702126405
3.325      0.700762430888
3.33      0.700816978779
3.335      0.700801094703
3.34      0.700827577446
3.345      0.700908202566
3.35      0.70095716319
3.355      0.701004094057
3.36      0.701007301435
3.365      0.701021490713
3.37      0.7011167701
3.375      0.701163713842
3.38      0.701208091307
3.385      0.701259991229
3.39      0.70128378246
3.395      0.701356210084
3.4      0.701410398696
3.405      0.701464795742
3.41      0.701502346018
3.415      0.701529477739
3.42     0.701595708628
3.425     0.701652348736
3.43      0.701707833004
3.435      0.70178694914
3.44      0.701802158028
3.445     0.701861029765
3.45      0.70193147265
3.455      0.701981383925
3.46      0.702035706476
3.465     0.702067877035
3.47      0.702136865613
3.475      0.70218172938
3.48      0.702262172138
3.485      0.702325182045
3.49      0.702349704483
3.495      0.702415945612
3.5      0.70244776814
