0.0        0.999996968218
0.01        1.00007521312
0.02        1.0001810438
0.03        1.00028714627
0.04        1.00038726113
0.05        1.00047910165
0.06       1.0005617669
0.07        1.00063291468
0.08        1.00069848935
0.09        1.00075708309
0.1        1.00080606368
0.11        1.00084600592
0.12        1.00087843266
0.13        1.00091638647
0.14        1.00095839667
0.15       1.00099834054
0.16        1.00101842328
0.17       1.00104575319
0.18        1.00106550063
0.19       1.00107575711
0.2        1.00107132785
0.21        1.00108419137
0.22      1.00108943585
0.23        1.0010737077
0.24        1.0010649543
0.25       1.00105498145
0.26        1.00101804391
0.27        1.00098944242
0.28        1.00096032252
0.29        1.00088453649
0.3        1.00082118308
0.31        1.00074427069
0.32       1.00063283138
0.33        1.00051496469
0.34        1.00037504739
0.35        1.00020056193
0.36        1.00001336765
0.37        0.999768934504
0.38        0.999519472252
0.39        0.999211027201
0.4        0.998863295639
0.41        0.998480610922
0.42        0.99803381587
0.43       0.997569507022
0.44        0.997020589591
0.45       0.99641425872
0.46        0.995745707549
0.47        0.995002025251
0.48        0.994210411096
0.49        0.993303548183
0.5        0.992342246271
0.51        0.991307755609
0.52        0.990197682696
0.53      0.989027870155
0.54        0.987697628531
0.55        0.986391331949
0.56        0.984958726215
0.57        0.983395763441
0.58        0.981835789856
0.59        0.98013449872
0.6        0.978342009762
0.61        0.976536853053
0.62        0.974553339641
0.63        0.972573788342
0.64        0.97049858977
0.65       0.968330701322
0.66        0.96618076905
0.67       0.963835827832
0.68        0.961589720454
0.69       0.959115601034
0.7        0.956741049113
0.71        0.954167116438
0.72        0.951723646422
0.73        0.94904680507
0.74        0.946525714078
0.75        0.94379278475
0.76        0.941190555284
0.77        0.938381157859
0.78        0.935752444663
0.79       0.932867838351
0.8        0.930196858045
0.81     0.927286337218
0.82        0.92453810268
0.83       0.92164595642
0.84        0.918833050583
0.85        0.91598563253
0.86       0.913108639194
0.87        0.91032842642
0.88        0.907406661513
0.89       0.904677140488
0.9        0.901731684311
0.91        0.898994753537
0.92        0.896123966685
0.93        0.893318329866
0.94      0.890554295065
0.95        0.887720863102
0.96       0.885051490937
0.97       0.882197591619
0.98        0.879566991929
0.99        0.876799919739
1.0        0.874088296567
1.01        0.871508763215
1.02        0.868747562271
1.03        0.866254375892
1.04      0.863567163564
1.05        0.861017734107
1.06        0.858505513931
1.07        0.855898782264
1.08        0.853538771688
1.09       0.85095177201
1.1       0.848579678087
1.11        0.846175824008
1.12        0.843725362179
1.13       0.841509967407
1.14        0.83906973123
1.15        0.836865281646
1.16        0.834602789514
1.17        0.832308658488
1.18       0.830237687229
1.19        0.827960303746
1.2        0.825886732193
1.21       0.823778968038
1.22        0.821647301721
1.23        0.819723355455
1.24        0.817593689292
1.25        0.815691012061
1.26        0.813730260946
1.27        0.811741909767
1.28        0.809993034296
1.29        0.808013705602
1.3      0.806255708228
1.31        0.804479822083
1.32        0.802629051246
1.33       0.801041118772
1.34        0.799236278438
1.35        0.797614933156
1.36        0.796008279886
1.37        0.794325205682
1.38        0.792863659382
1.39        0.791233815786
1.4        0.789756458634
1.41       0.788311078094
1.42        0.786772751306
1.43      0.785461663406
1.44       0.783992252815
1.45       0.782646738559
1.46       0.781373509284
1.47       0.779959536665
1.48       0.7788184505
1.49       0.77749082341
1.5       0.776293094427
1.51      0.775172458714
1.52       0.773905383844
1.53       0.772907745189
1.54       0.771717725767
1.55       0.770671558098
1.56       0.769691069959
1.57       0.768558648837
1.58       0.76768953065
1.59       0.766651838978
1.6       0.765723783466
1.61       0.764890171375
1.62      0.763876671144
1.63       0.763158082614
1.64       0.762230844372
1.65       0.761466031514
1.66       0.760719332087
1.67       0.759876061274
1.68       0.75925625342
1.69       0.758464406827
1.7       0.757824939552
1.71       0.757195443008
1.72       0.756475641041
1.73      0.755992844166
1.74      0.755294169016
1.75       0.754813338642
1.76       0.754264638997
1.77      0.753669840076
1.78      0.75329370483
1.79      0.752675909961
1.8       0.752316283342
1.81       0.751832140426
1.82       0.751369106771
1.83       0.751048805931
1.84       0.750524144505
1.85       0.750271296136
1.86       0.749843432105
1.87       0.749505323582
1.88       0.749251289636
1.89       0.748817894416
1.9       0.748657152294
1.91       0.748302369616
1.92       0.748060689984
1.93       0.747867134618
1.94       0.747499023285
1.95       0.747371924356
1.96       0.747067225651
1.97       0.746890955509
1.98       0.746690114193
1.99       0.746371532099
2.0       0.746227132763
2.01       0.745948869513
2.02      0.745778024829
2.03       0.74559923786
2.04       0.745311793182
2.05       0.745158914359
2.06       0.744886378855
2.07       0.744755595307
2.08       0.74453179954
2.09       0.744263387443
2.1       0.744058031908
2.11       0.743781910164
2.12       0.743596127869
2.13      0.743361443296
2.14       0.743001102704
2.15       0.742768207272
2.16       0.742382170389
2.17      0.742165657979
2.18       0.741917042089
2.19       0.741532620463
2.2     0.741304451176
2.21       0.740998093021
2.22       0.740751780757
2.23       0.740551964124
2.24       0.740084769986
2.25       0.739829985617
2.26       0.739566889603
2.27       0.739160046397
2.28       0.739015290209
2.29       0.738578038854
2.3       0.738216850763
2.31       0.738111170594
2.32       0.737624493439
2.33       0.737414792203
2.34       0.737147969501
2.35       0.736595389504
2.36      0.736648107321
2.37       0.736241131513
2.38       0.735898116644
2.39       0.73582874519
2.4       0.735160475421
2.41       0.735239778487
2.42       0.73504730154
2.43      0.734548511072
2.44      0.734603394439
2.45       0.733915885533
2.46       0.734023954294
2.47       0.734076058702
2.48       0.733486683631
2.49       0.733827787238
2.5       0.733399926349
2.51       0.73331830612
2.52       0.733435498766
2.53       0.733074877676
2.54       0.733228687421
2.55       0.732996445433
2.56       0.732921813685
2.57       0.733086496804
2.58       0.732400435427
2.59       0.732821750518
2.6       0.733203375837
2.61      0.732276053795
2.62       0.732828499566
2.63       0.732642235839
2.64       0.732494870753
2.65       0.73306760351
2.66       0.732634346401
2.67      0.732483961018
2.68       0.733316762725
2.69      0.732294445845
2.7       0.732344385454
2.71       0.732617545478
2.72      0.731907381899
2.73       0.732686373549
2.74      0.732215981066
2.75       0.732097999258
2.76       0.732362214301
2.77       0.732074393894
2.78      0.733049063149
2.79       0.732431139379
2.8       0.732936022975
2.81       0.732839845988
2.82       0.733005116332
2.83       0.733409693473
2.84       0.733003836527
2.85       0.733514281679
2.86       0.732972590718
2.87       0.733290701419
2.88       0.733523539467
2.89       0.733417906423
2.9      0.733845296213
2.91       0.733941509648
2.92       0.733842268015
2.93       0.734358545661
2.94       0.734021821964
2.95       0.734265399732
2.96      0.734166727673
2.97       0.734461501864
2.98      0.735019993342
2.99       0.734913241452
3.0       0.734699034638
3.01       0.73534331288
3.02       0.735034156039
3.03       0.735286783568
3.04      0.73527886555
3.05       0.735271135756
3.06       0.735825355854
3.07       0.73525694952
3.08       0.736120558969
3.09      0.73578447249
3.1       0.736111755186
3.11       0.736004775158
3.12       0.736107298528
3.13       0.73676562654
3.14       0.736293707061
3.15       0.736746039061
3.16       0.736466016695
3.17       0.736729282829
3.18       0.737384656094
3.19     0.736694247826
3.2       0.737320971191
3.21       0.737067413861
3.22       0.737359411493
3.23       0.73785143681
3.24     0.737095789826
3.25       0.738032235971
3.26       0.737511652645
3.27       0.737812913875
3.28       0.738117374663
3.29       0.73786770941
3.3       0.738503639082
3.31       0.73795082614
3.32       0.738355196505
3.33       0.73819118917
3.34       0.738365699736
3.35      0.738961018167
3.36     0.738419814054
3.37      0.738944317053
3.38      0.738723114322
3.39       0.738768459207
3.4       0.739379219785
3.41       0.738846906406
3.42      0.739428670217
3.43       0.739093348862
3.44       0.739039140721
3.45       0.739742286683
3.46       0.739352905428
3.47       0.739787372827
3.48       0.739634340531
3.49       0.739770248914
3.5       0.739982587951
