0     0
0.001 0.00120652
0.002 0.00240193
0.003 0.00358855
0.004 0.0047676
0.005 0.00593991
0.006 0.0071061
0.007 0.00826662
0.008 0.00942181
0.009 0.010572
0.01 0.0117173
0.011 0.012858
0.012 0.0139942
0.013 0.0151261
0.014 0.0162538
0.015 0.0173774
0.016 0.0184971
0.017 0.0196128
0.018 0.0207247
0.019 0.0218329
0.02 0.0229374
0.021 0.0240383
0.022 0.0251356
0.023 0.0262295
0.024 0.0273199
0.025 0.0284069
0.026 0.0294906
0.027 0.030571
0.028 0.0316481
0.029 0.032722
0.03 0.0337927
0.031 0.0348603
0.032 0.0359247
0.033 0.0369861
0.034 0.0380443
0.035 0.0390998
0.036 0.0401522
0.037 0.0412017
0.038 0.0422482
0.039 0.0432918
0.04 0.0443325
0.041 0.0453703
0.042 0.0464053
0.043 0.0474375
0.044 0.048467
0.045 0.0494936
0.046 0.0505175
0.047 0.0515387
0.048 0.0525572
0.049 0.053573
0.05 0.0545861
0.051 0.0555966
0.052 0.0566045
0.053 0.0576097
0.054 0.0586124
0.055 0.0596125
0.056 0.06061
0.057 0.061605
0.058 0.0625975
0.059 0.0635874
0.06 0.0645749
0.061 0.0655599
0.062 0.0665424
0.063 0.0675224
0.064 0.0685
0.065 0.0694752
0.066 0.070448
0.067 0.0714184
0.068 0.0723864
0.069 0.073352
0.07 0.0743152
0.071 0.0752761
0.072 0.0762347
0.073 0.0771909
0.074 0.0781449
0.075 0.0790965
0.076 0.0800458
0.077 0.0809928
0.078 0.0819376
0.079 0.0828801
0.08 0.0838204
0.081 0.0847584
0.082 0.0856942
0.083 0.0866278
0.084 0.0875591
0.085 0.0884883
0.086 0.0894152
0.087 0.09034
0.088 0.0912626
0.089 0.092183
0.09 0.0931013
0.091 0.0940174
0.092 0.0949314
0.093 0.0958432
0.094 0.0967529
0.095 0.0976605
0.096 0.098566
0.097 0.0994694
0.098 0.100371
0.099 0.10127
0.1 0.102167
0.101 0.103062
0.102 0.103955
0.103 0.104846
0.104 0.105735
0.105 0.106622
0.106 0.107507
0.107 0.108389
0.108 0.10927
0.109 0.110149
0.11 0.111026
0.111 0.1119
0.112 0.112773
0.113 0.113644
0.114 0.114512
0.115 0.115379
0.116 0.116244
0.117 0.117107
0.118 0.117967
0.119 0.118826
0.12 0.119678
0.121 0.120534
0.122 0.121387
0.123 0.122238
0.124 0.123087
0.125 0.123934
0.126 0.12478
0.127 0.125623
0.128 0.126465
0.129 0.127304
0.13 0.128142
0.131 0.128978
0.132 0.129812
0.133 0.130644
0.134 0.131474
0.135 0.132302
0.136 0.133129
0.137 0.133953
0.138 0.134776
0.139 0.135597
0.14 0.136416
0.141 0.137226
0.142 0.138038
0.143 0.138852
0.144 0.139664
0.145 0.140474
0.146 0.141282
0.147 0.142088
0.148 0.142885
0.149 0.143694
0.15 0.144494
0.151 0.145293
0.152 0.14609
0.153 0.146886
0.154 0.147679
0.155 0.148471
0.156 0.14926
0.157 0.150048
0.158 0.150835
0.159 0.151619
0.16 0.152402
0.161 0.153183
0.162 0.153962
0.163 0.154739
0.164 0.155515
0.165 0.156289
0.166 0.157061
0.167 0.157831
0.168 0.158599
0.169 0.159366
0.17 0.160131
0.171 0.160894
0.172 0.161656
0.173 0.162415
0.174 0.163173
0.175 0.16393
0.176 0.164684
0.177 0.165437
0.178 0.166188
0.179 0.166925
0.18 0.167673
0.181 0.168419
0.182 0.169158
0.183 0.169903
0.184 0.170645
0.185 0.171384
0.186 0.172122
0.187 0.172857
0.188 0.173575
0.189 0.174321
0.19 0.175051
0.191 0.17578
0.192 0.176507
0.193 0.177232
0.194 0.177955
0.195 0.178677
0.196 0.179397
0.197 0.180115
0.198 0.180832
0.199 0.181547
0.2 0.18226
0.201 0.182972
0.202 0.183682
0.203 0.18439
0.204 0.185095
0.205 0.1858
0.206 0.186504
0.207 0.187206
0.208 0.187906
0.209 0.188604
0.21 0.189299
0.211 0.189994
0.212 0.190687
0.213 0.191376
0.214 0.192066
0.215 0.192754
0.216 0.193441
0.217 0.194126
0.218 0.194809
0.219 0.195491
0.22 0.196168
0.221 0.196846
0.222 0.197523
0.223 0.198198
0.224 0.198871
0.225 0.199543
0.226 0.200213
0.227 0.200881
0.228 0.201548
0.229 0.202212
0.23 0.202875
0.231 0.203537
0.232 0.204197
0.233 0.204855
0.234 0.205512
0.235 0.206167
0.236 0.206821
0.237 0.207472
0.238 0.208122
0.239 0.208771
0.24 0.209418
0.241 0.210063
0.242 0.210704
0.243 0.211348
0.244 0.211988
0.245 0.212626
0.246 0.213263
0.247 0.213885
0.248 0.21452
0.249 0.215153
0.25 0.215784
0.251 0.216398
0.252 0.217026
0.253 0.217652
0.254 0.218276
0.255 0.218899
0.256 0.21952
0.257 0.220139
0.258 0.220757
0.259 0.221373
0.26 0.221988
0.261 0.222601
0.262 0.223212
0.263 0.223821
0.264 0.224429
0.265 0.225035
0.266 0.225636
0.267 0.226239
0.268 0.22684
0.269 0.227439
0.27 0.228037
0.271 0.228633
0.272 0.229227
0.273 0.229817
0.274 0.230408
0.275 0.230998
0.276 0.231586
0.277 0.232168
0.278 0.232756
0.279 0.233339
0.28 0.233919
0.281 0.234498
0.282 0.235076
0.283 0.235652
0.284 0.236227
0.285 0.2368
0.286 0.237371
0.287 0.237941
0.288 0.23851
0.289 0.239076
0.29 0.239641
0.291 0.240205
0.292 0.240765
0.293 0.241325
0.294 0.241883
0.295 0.24244
0.296 0.242995
0.297 0.243549
0.298 0.244101
0.299 0.244651
0.3 0.2452
0.301 0.245746
0.302 0.246184
0.303 0.246731
0.304 0.247276
0.305 0.247819
0.306 0.24836
0.307 0.2489
0.308 0.249438
0.309 0.249974
0.31 0.250508
0.311 0.251041
0.312 0.251573
0.313 0.252083
0.314 0.252611
0.315 0.253135
0.316 0.253662
0.317 0.254185
0.318 0.254706
0.319 0.255226
0.32 0.255744
0.321 0.25626
0.322 0.256774
0.323 0.257287
0.324 0.257799
0.325 0.258308
0.326 0.258816
0.327 0.259322
0.328 0.259827
0.329 0.26033
0.33 0.260831
0.331 0.26133
0.332 0.261828
0.333 0.262325
0.334 0.26282
0.335 0.263313
0.336 0.263805
0.337 0.264288
0.338 0.264777
0.339 0.265264
0.34 0.265748
0.341 0.26623
0.342 0.266713
0.343 0.267193
0.344 0.267672
0.345 0.268149
0.346 0.268625
0.347 0.269099
0.348 0.269571
0.349 0.270042
0.35 0.270511
0.351 0.270979
0.352 0.271444
0.353 0.271908
0.354 0.272371
0.355 0.272832
0.356 0.273291
0.357 0.273749
0.358 0.274205
0.359 0.274644
0.36 0.275097
0.361 0.275549
0.362 0.275992
0.363 0.276441
0.364 0.276888
0.365 0.277333
0.366 0.277776
0.367 0.278218
0.368 0.278658
0.369 0.279096
0.37 0.279533
0.371 0.279969
0.372 0.280403
0.373 0.280835
0.374 0.281265
0.375 0.281694
0.376 0.282122
0.377 0.282547
0.378 0.282972
0.379 0.283394
0.38 0.283815
0.381 0.284235
0.382 0.284653
0.383 0.285069
0.384 0.285484
0.385 0.285898
0.386 0.286309
0.387 0.28672
0.388 0.287128
0.389 0.287535
0.39 0.287941
0.391 0.288345
0.392 0.288747
0.393 0.289148
0.394 0.289547
0.395 0.289945
0.396 0.290341
0.397 0.290727
0.398 0.29112
0.399 0.291512
0.4 0.291902
0.401 0.292291
0.402 0.292678
0.403 0.293063
0.404 0.293447
0.405 0.29383
0.406 0.294211
0.407 0.29459
0.408 0.294968
0.409 0.295344
0.41 0.295718
0.411 0.296092
0.412 0.296463
0.413 0.296834
0.414 0.297202
0.415 0.29757
0.416 0.297935
0.417 0.298264
0.418 0.298626
0.419 0.298987
0.42 0.299346
0.421 0.299704
0.422 0.30006
0.423 0.300415
0.424 0.300769
0.425 0.301121
0.426 0.30147
0.427 0.301795
0.428 0.302142
0.429 0.302488
0.43 0.302832
0.431 0.303176
0.432 0.303516
0.433 0.303856
0.434 0.304196
0.435 0.304534
0.436 0.304872
0.437 0.305206
0.438 0.305541
0.439 0.305873
0.44 0.306204
0.441 0.306533
0.442 0.306861
0.443 0.307187
0.444 0.307511
0.445 0.307834
0.446 0.308156
0.447 0.308476
0.448 0.308795
0.449 0.309111
0.45 0.309427
0.451 0.309742
0.452 0.310055
0.453 0.310364
0.454 0.310673
0.455 0.310982
0.456 0.31129
0.457 0.311593
0.458 0.311896
0.459 0.312201
0.46 0.312502
0.461 0.312803
0.462 0.313102
0.463 0.313399
0.464 0.313695
0.465 0.31399
0.466 0.314283
0.467 0.314575
0.468 0.314817
0.469 0.315106
0.47 0.315395
0.471 0.315681
0.472 0.315967
0.473 0.316251
0.474 0.316534
0.475 0.316815
0.476 0.317095
0.477 0.317372
0.478 0.317651
0.479 0.317925
0.48 0.318199
0.481 0.318472
0.482 0.318743
0.483 0.319014
0.484 0.319281
0.485 0.319543
0.486 0.31981
0.487 0.320075
0.488 0.320339
0.489 0.320595
0.49 0.320857
0.491 0.321117
0.492 0.321374
0.493 0.321631
0.494 0.321887
0.495 0.322142
0.496 0.322396
0.497 0.322647
0.498 0.322897
0.499 0.323148
0.5 0.323393
0.501 0.323641
0.502 0.323887
0.503 0.324131
0.504 0.32437
0.505 0.324612
0.506 0.324849
0.507 0.325092
0.508 0.325328
0.509 0.325566
0.51 0.325802
0.511 0.326037
0.512 0.32627
0.513 0.326502
0.514 0.326733
0.515 0.326959
0.516 0.327188
0.517 0.3274
0.518 0.327626
0.519 0.327852
0.52 0.328076
0.521 0.328298
0.522 0.328519
0.523 0.328738
0.524 0.328957
0.525 0.329174
0.526 0.32939
0.527 0.329604
0.528 0.329818
0.529 0.330031
0.53 0.330242
0.531 0.330452
0.532 0.330661
0.533 0.330869
0.534 0.331076
0.535 0.331281
0.536 0.331486
0.537 0.331689
0.538 0.331891
0.539 0.332092
0.54 0.332292
0.541 0.332481
0.542 0.332678
0.543 0.332875
0.544 0.333071
0.545 0.333265
0.546 0.333459
0.547 0.333627
0.548 0.333816
0.549 0.334005
0.55 0.334192
0.551 0.33438
0.552 0.334565
0.553 0.33475
0.554 0.334934
0.555 0.335117
0.556 0.335299
0.557 0.33548
0.558 0.335658
0.559 0.335836
0.56 0.336015
0.561 0.336192
0.562 0.336367
0.563 0.336542
0.564 0.336715
0.565 0.336887
0.566 0.337059
0.567 0.337229
0.568 0.337399
0.569 0.337568
0.57 0.337735
0.571 0.337902
0.572 0.338069
0.573 0.338232
0.574 0.338397
0.575 0.33856
0.576 0.338723
0.577 0.338884
0.578 0.339045
0.579 0.339205
0.58 0.339365
0.581 0.339326
0.582 0.339484
0.583 0.339641
0.584 0.339797
0.585 0.339943
0.586 0.340096
0.587 0.340248
0.588 0.340399
0.589 0.340549
0.59 0.340698
0.591 0.340846
0.592 0.340992
0.593 0.341138
0.594 0.341283
0.595 0.341427
0.596 0.34157
0.597 0.34171
0.598 0.341809
0.599 0.341949
0.6 0.342089
0.601 0.342227
0.602 0.342363
0.603 0.342498
0.604 0.342635
0.605 0.342768
0.606 0.3429
0.607 0.343034
0.608 0.343166
0.609 0.343297
0.61 0.343426
0.611 0.343555
0.612 0.343677
0.613 0.343804
0.614 0.34393
0.615 0.344056
0.616 0.34418
0.617 0.344304
0.618 0.344424
0.619 0.344546
0.62 0.344666
0.621 0.344787
0.622 0.344906
0.623 0.345024
0.624 0.345047
0.625 0.345168
0.626 0.345284
0.627 0.345403
0.628 0.34552
0.629 0.345636
0.63 0.345752
0.631 0.345867
0.632 0.345981
0.633 0.346095
0.634 0.346207
0.635 0.346318
0.636 0.346428
0.637 0.346539
0.638 0.346625
0.639 0.346735
0.64 0.346839
0.641 0.346944
0.642 0.347051
0.643 0.347157
0.644 0.347251
0.645 0.347356
0.646 0.347459
0.647 0.347562
0.648 0.347664
0.649 0.347763
0.65 0.347862
0.651 0.347962
0.652 0.348032
0.653 0.348131
0.654 0.348229
0.655 0.348326
0.656 0.348422
0.657 0.348517
0.658 0.348611
0.659 0.348705
0.66 0.348798
0.661 0.34889
0.662 0.348981
0.663 0.349071
0.664 0.349161
0.665 0.34925
0.666 0.349337
0.667 0.349426
0.668 0.349512
0.669 0.349597
0.67 0.349685
0.671 0.349762
0.672 0.349849
0.673 0.349922
0.674 0.350008
0.675 0.350089
0.676 0.350172
0.677 0.350254
0.678 0.350336
0.679 0.350417
0.68 0.350497
0.681 0.350576
0.682 0.350655
0.683 0.350733
0.684 0.35081
0.685 0.350887
0.686 0.350964
0.687 0.35104
0.688 0.351114
0.689 0.351188
0.69 0.351262
0.691 0.351335
0.692 0.351408
0.693 0.351477
0.694 0.351544
0.695 0.351615
0.696 0.351685
0.697 0.351755
0.698 0.351824
0.699 0.351892
0.7 0.35196
0.701 0.352027
0.702 0.352086
0.703 0.352143
0.704 0.352171
0.705 0.352235
0.706 0.3523
0.707 0.352364
0.708 0.352427
0.709 0.352487
0.71 0.352549
0.711 0.352611
0.712 0.352672
0.713 0.352733
0.714 0.352792
0.715 0.352851
0.716 0.35291
0.717 0.352968
0.718 0.353025
0.719 0.353082
0.72 0.353138
0.721 0.353194
0.722 0.353249
0.723 0.353303
0.724 0.353357
0.725 0.35341
0.726 0.353463
0.727 0.353515
0.728 0.353566
0.729 0.353618
0.73 0.353669
0.731 0.353719
0.732 0.353769
0.733 0.353818
0.734 0.353867
0.735 0.353915
0.736 0.353963
0.737 0.354011
0.738 0.354056
0.739 0.354102
0.74 0.354148
0.741 0.354196
0.742 0.354239
0.743 0.354284
0.744 0.354328
0.745 0.354373
0.746 0.354415
0.747 0.354456
0.748 0.354498
0.749 0.354538
0.75 0.354581
0.751 0.354636
0.752 0.354674
0.753 0.354708
0.754 0.354748
0.755 0.354789
0.756 0.354828
0.757 0.354868
0.758 0.354906
0.759 0.354944
0.76 0.354981
0.761 0.355019
0.762 0.355056
0.763 0.355093
0.764 0.355129
0.765 0.355166
0.766 0.355201
0.767 0.355237
0.768 0.355272
0.769 0.355306
0.77 0.35534
0.771 0.355374
0.772 0.355407
0.773 0.35544
0.774 0.355468
0.775 0.3555
0.776 0.355531
0.777 0.355561
0.778 0.355593
0.779 0.355623
0.78 0.355652
0.781 0.355682
0.782 0.355711
0.783 0.355735
0.784 0.355763
0.785 0.355792
0.786 0.355821
0.787 0.355848
0.788 0.355875
0.789 0.355902
0.79 0.355928
0.791 0.35594
0.792 0.355966
0.793 0.355991
0.794 0.356016
0.795 0.35604
0.796 0.356064
0.797 0.356088
0.798 0.356111
0.799 0.356134
0.8 0.356156
0.801 0.356178
0.802 0.3562
0.803 0.356224
0.804 0.356246
0.805 0.356262
0.806 0.356283
0.807 0.356301
0.808 0.35632
0.809 0.35634
0.81 0.356364
0.811 0.356386
0.812 0.356398
0.813 0.356417
0.814 0.356435
0.815 0.356453
0.816 0.35647
0.817 0.356487
0.818 0.356504
0.819 0.35652
0.82 0.356536
0.821 0.356552
0.822 0.356567
0.823 0.356583
0.824 0.356598
0.825 0.356613
0.826 0.356625
0.827 0.356638
0.828 0.356652
0.829 0.356666
0.83 0.35668
0.831 0.3567
0.832 0.356716
0.833 0.356723
0.834 0.356736
0.835 0.356749
0.836 0.356763
0.837 0.356776
0.838 0.35679
0.839 0.356801
0.84 0.356813
0.841 0.356825
0.842 0.356837
0.843 0.35685
0.844 0.356798
0.845 0.35681
0.846 0.356824
0.847 0.356837
0.848 0.356849
0.849 0.356858
0.85 0.356869
0.851 0.35688
0.852 0.35689
0.853 0.356903
0.854 0.356906
0.855 0.356914
0.856 0.356924
0.857 0.356932
0.858 0.356936
0.859 0.356944
0.86 0.356953
0.861 0.356963
0.862 0.356967
0.863 0.356973
0.864 0.35687
0.865 0.356873
0.866 0.356882
0.867 0.356888
0.868 0.356894
0.869 0.356936
0.87 0.356922
0.871 0.356927
0.872 0.356935
0.873 0.356944
0.874 0.356954
0.875 0.356956
0.876 0.356968
0.877 0.35697
0.878 0.356979
0.879 0.356986
0.88 0.356989
0.881 0.356995
0.882 0.357
0.883 0.357004
0.884 0.357005
0.885 0.357008
0.886 0.357011
0.887 0.357011
0.888 0.357013
0.889 0.356983
0.89 0.356988
0.891 0.356988
0.892 0.356987
0.893 0.356983
0.894 0.356982
0.895 0.356981
0.896 0.35698
0.897 0.356976
0.898 0.356976
0.899 0.356976
0.9 0.356975
0.901 0.356974
0.902 0.356973
0.903 0.356971
0.904 0.356955
0.905 0.356953
0.906 0.356951
0.907 0.356949
0.908 0.356946
0.909 0.356944
0.91 0.356941
0.911 0.356939
0.912 0.356937
0.913 0.356934
0.914 0.356923
0.915 0.35692
0.916 0.356917
0.917 0.356915
0.918 0.356904
0.919 0.356899
0.92 0.356897
0.921 0.356881
0.922 0.356866
0.923 0.356863
0.924 0.356859
0.925 0.356856
0.926 0.356852
0.927 0.356848
0.928 0.356843
0.929 0.356839
0.93 0.356834
0.931 0.356829
0.932 0.356824
0.933 0.356819
0.934 0.356813
0.935 0.356808
0.936 0.356802
0.937 0.356796
0.938 0.35679
0.939 0.356783
0.94 0.356776
0.941 0.35677
0.942 0.356762
0.943 0.356755
0.944 0.356745
0.945 0.356733
0.946 0.356727
0.947 0.356717
0.948 0.356709
0.949 0.356701
0.95 0.356692
0.951 0.356683
0.952 0.356673
0.953 0.356664
0.954 0.356654
0.955 0.356644
0.956 0.356634
0.957 0.356623
0.958 0.356612
0.959 0.356601
0.96 0.35659
0.961 0.356577
0.962 0.356568
0.963 0.356547
0.964 0.356537
0.965 0.356526
0.966 0.356517
0.967 0.356506
0.968 0.356493
0.969 0.356482
0.97 0.356472
0.971 0.35646
0.972 0.35645
0.973 0.356439
0.974 0.356427
0.975 0.356416
0.976 0.356404
0.977 0.356393
0.978 0.356378
0.979 0.356356
0.98 0.356344
0.981 0.356332
0.982 0.35632
0.983 0.356308
0.984 0.356296
0.985 0.356283
0.986 0.356271
0.987 0.356258
0.988 0.356246
0.989 0.356233
0.99 0.35622
0.991 0.356207
0.992 0.356194
0.993 0.356181
0.994 0.356168
0.995 0.356154
0.996 0.356141
0.997 0.356128
0.998 0.356114
0.999 0.356095
1 0.356081
1.001 0.356062
1.002 0.356051
1.003 0.356036
1.004 0.356021
1.005 0.356005
1.006 0.35599
1.007 0.355976
1.008 0.355942
1.009 0.355922
1.01 0.355911
1.011 0.355896
1.012 0.355881
1.013 0.355866
1.014 0.35585
1.015 0.355834
1.016 0.355819
1.017 0.355803
1.018 0.355787
1.019 0.355745
1.02 0.355724
1.021 0.355704
1.022 0.355688
1.023 0.355671
1.024 0.355655
1.025 0.355637
1.026 0.355619
1.027 0.355602
1.028 0.355584
1.029 0.355567
1.03 0.355549
1.031 0.355531
1.032 0.355514
1.033 0.355496
1.034 0.355478
1.035 0.35546
1.036 0.355442
1.037 0.355424
1.038 0.355406
1.039 0.355388
1.04 0.35537
1.041 0.355351
1.042 0.355333
1.043 0.355312
1.044 0.355288
1.045 0.35527
1.046 0.35525
1.047 0.355231
1.048 0.355209
1.049 0.355191
1.05 0.355173
1.051 0.355154
1.052 0.355135
1.053 0.355116
1.054 0.355097
1.055 0.355077
1.056 0.355058
1.057 0.355039
1.058 0.355018
1.059 0.354998
1.06 0.354979
1.061 0.354959
1.062 0.354939
1.063 0.354821
1.064 0.354802
1.065 0.354783
1.066 0.354764
1.067 0.354745
1.068 0.354725
1.069 0.354705
1.07 0.354676
1.071 0.354663
1.072 0.35464
1.073 0.354624
1.074 0.354592
1.075 0.354445
1.076 0.354428
1.077 0.354411
1.078 0.354393
1.079 0.354376
1.08 0.354358
1.081 0.354341
1.082 0.354323
1.083 0.354305
1.084 0.354287
1.085 0.354269
1.086 0.35425
1.087 0.354232
1.088 0.354214
1.089 0.354196
1.09 0.354178
1.091 0.35416
1.092 0.354142
1.093 0.354123
1.094 0.354105
1.095 0.354084
1.096 0.354065
1.097 0.354046
1.098 0.354027
1.099 0.354008
1.1 0.353989
1.101 0.35397
1.102 0.35395
1.103 0.353889
1.104 0.353869
1.105 0.353848
1.106 0.353828
1.107 0.353807
1.108 0.353786
1.109 0.353765
1.11 0.353743
1.111 0.353722
1.112 0.353699
1.113 0.353678
1.114 0.353655
1.115 0.353634
1.116 0.353612
1.117 0.35359
1.118 0.353567
1.119 0.353545
1.12 0.353523
1.121 0.353501
1.122 0.353483
1.123 0.353458
1.124 0.353434
1.125 0.353414
1.126 0.353392
1.127 0.353353
1.128 0.353333
1.129 0.353311
1.13 0.353289
1.131 0.353267
1.132 0.353246
1.133 0.353225
1.134 0.353203
1.135 0.353172
1.136 0.353143
1.137 0.353119
1.138 0.353102
1.139 0.353081
1.14 0.35306
1.141 0.353039
1.142 0.353018
1.143 0.352997
1.144 0.352976
1.145 0.352955
1.146 0.352934
1.147 0.352913
1.148 0.352891
1.149 0.35287
1.15 0.352848
1.151 0.352826
1.152 0.352805
1.153 0.352783
1.154 0.352761
1.155 0.352738
1.156 0.352719
1.157 0.352693
1.158 0.352669
1.159 0.352653
1.16 0.352627
1.161 0.352605
1.162 0.352581
1.163 0.352561
1.164 0.352539
1.165 0.352518
1.166 0.352497
1.167 0.352474
1.168 0.352452
1.169 0.352431
1.17 0.352409
1.171 0.352387
1.172 0.352365
1.173 0.35234
1.174 0.352319
1.175 0.352297
1.176 0.352275
1.177 0.352253
1.178 0.352232
1.179 0.352209
1.18 0.352188
1.181 0.352166
1.182 0.352145
1.183 0.352122
1.184 0.352101
1.185 0.352078
1.186 0.352056
1.187 0.352035
1.188 0.352011
1.189 0.351991
1.19 0.351969
1.191 0.351947
1.192 0.351925
1.193 0.351902
1.194 0.351879
1.195 0.351856
1.196 0.351834
1.197 0.35181
1.198 0.351787
1.199 0.351764
1.2 0.351741
1.201 0.351715
1.202 0.351686
1.203 0.351664
1.204 0.351641
1.205 0.35162
1.206 0.351596
1.207 0.351572
1.208 0.351549
1.209 0.351526
1.21 0.351505
1.211 0.35148
1.212 0.351457
1.213 0.351433
1.214 0.35141
1.215 0.351383
1.216 0.35136
1.217 0.351315
1.218 0.351292
1.219 0.351267
1.22 0.351243
1.221 0.351209
1.222 0.351185
1.223 0.351162
1.224 0.351137
1.225 0.351112
1.226 0.351088
1.227 0.351063
1.228 0.351039
1.229 0.350969
1.23 0.350943
1.231 0.350912
1.232 0.350888
1.233 0.350858
1.234 0.35082
1.235 0.350796
1.236 0.350772
1.237 0.350747
1.238 0.350713
1.239 0.350661
1.24 0.350637
1.241 0.350613
1.242 0.350562
1.243 0.350512
1.244 0.350489
1.245 0.350466
1.246 0.350443
1.247 0.35042
1.248 0.350398
1.249 0.350375
1.25 0.350353
1.251 0.350331
1.252 0.350309
1.253 0.350286
1.254 0.350258
1.255 0.350235
1.256 0.350206
1.257 0.350188
1.258 0.350166
1.259 0.350145
1.26 0.350124
1.261 0.350102
1.262 0.350076
1.263 0.350054
1.264 0.350031
1.265 0.350012
1.266 0.349989
1.267 0.349967
1.268 0.34994
1.269 0.349925
1.27 0.349904
1.271 0.349882
1.272 0.349861
1.273 0.349839
1.274 0.349818
1.275 0.349796
1.276 0.349774
1.277 0.349752
1.278 0.34973
1.279 0.349708
1.28 0.349686
1.281 0.349664
1.282 0.349642
1.283 0.34962
1.284 0.349597
1.285 0.349575
1.286 0.349552
1.287 0.349533
1.288 0.349509
1.289 0.349485
1.29 0.349462
1.291 0.349442
1.292 0.349421
1.293 0.3494
1.294 0.349379
1.295 0.349357
1.296 0.349336
1.297 0.349313
1.298 0.349288
1.299 0.349268
1.3 0.349242
1.301 0.349221
1.302 0.349199
1.303 0.349178
1.304 0.349153
1.305 0.349127
1.306 0.349106
1.307 0.349083
1.308 0.349004
1.309 0.348983
1.31 0.348962
1.311 0.348941
1.312 0.348908
1.313 0.348886
1.314 0.348864
1.315 0.348842
1.316 0.34882
1.317 0.348797
1.318 0.348775
1.319 0.348753
1.32 0.34873
1.321 0.348708
1.322 0.348647
1.323 0.348632
1.324 0.348607
1.325 0.348586
1.326 0.348564
1.327 0.348514
1.328 0.348492
1.329 0.34847
1.33 0.348449
1.331 0.348427
1.332 0.348406
1.333 0.348384
1.334 0.348368
1.335 0.348335
1.336 0.348255
1.337 0.348237
1.338 0.348219
1.339 0.348201
1.34 0.348183
1.341 0.348166
1.342 0.348148
1.343 0.348131
1.344 0.348114
1.345 0.348091
1.346 0.348074
1.347 0.348056
1.348 0.348039
1.349 0.348022
1.35 0.348005
1.351 0.347988
1.352 0.347971
1.353 0.347954
1.354 0.347939
1.355 0.347923
1.356 0.347905
1.357 0.347886
1.358 0.34787
1.359 0.347853
1.36 0.347836
1.361 0.347819
1.362 0.347802
1.363 0.347785
1.364 0.347769
1.365 0.347752
1.366 0.347734
1.367 0.347717
1.368 0.347699
1.369 0.347682
1.37 0.347664
1.371 0.347646
1.372 0.347628
1.373 0.347611
1.374 0.347594
1.375 0.347576
1.376 0.347559
1.377 0.347542
1.378 0.347525
1.379 0.347508
1.38 0.34749
1.381 0.347474
1.382 0.347455
1.383 0.347438
1.384 0.347358
1.385 0.347342
1.386 0.347326
1.387 0.34731
1.388 0.347294
1.389 0.347278
1.39 0.347261
1.391 0.347245
1.392 0.347226
1.393 0.347179
1.394 0.347166
1.395 0.347149
1.396 0.347129
1.397 0.347112
1.398 0.347095
1.399 0.347078
1.4 0.34706
1.401 0.347045
1.402 0.347026
1.403 0.347008
1.404 0.346991
1.405 0.346974
1.406 0.346954
1.407 0.346932
1.408 0.346913
1.409 0.346897
1.41 0.346879
1.411 0.346853
1.412 0.346836
1.413 0.346818
1.414 0.346797
1.415 0.346775
1.416 0.346759
1.417 0.346737
1.418 0.346711
1.419 0.346702
1.42 0.346684
1.421 0.346668
1.422 0.346652
1.423 0.346637
1.424 0.346621
1.425 0.346606
1.426 0.346591
1.427 0.346574
1.428 0.346559
1.429 0.346505
1.43 0.346491
1.431 0.346476
1.432 0.346462
1.433 0.346447
1.434 0.346431
1.435 0.346413
1.436 0.346399
1.437 0.346385
1.438 0.346371
1.439 0.346357
1.44 0.34635
1.441 0.346307
1.442 0.346307
1.443 0.346292
1.444 0.346278
1.445 0.346264
1.446 0.34625
1.447 0.346236
1.448 0.346221
1.449 0.346207
1.45 0.346193
1.451 0.346179
1.452 0.346165
1.453 0.34615
1.454 0.346124
1.455 0.346119
1.456 0.346105
1.457 0.34609
1.458 0.346073
1.459 0.34606
1.46 0.346046
1.461 0.346031
1.462 0.346016
1.463 0.346002
1.464 0.345988
1.465 0.345974
1.466 0.34596
1.467 0.345946
1.468 0.345932
1.469 0.345918
1.47 0.345905
1.471 0.345891
1.472 0.345877
1.473 0.345867
1.474 0.345851
1.475 0.345836
1.476 0.345823
1.477 0.345809
1.478 0.345795
1.479 0.345781
1.48 0.345764
1.481 0.34575
1.482 0.345717
1.483 0.345704
1.484 0.34569
1.485 0.345677
1.486 0.345664
1.487 0.34565
1.488 0.345636
1.489 0.34562
1.49 0.345604
1.491 0.345587
1.492 0.345576
1.493 0.345563
1.494 0.345549
1.495 0.345536
1.496 0.34552
1.497 0.345507
1.498 0.345491
1.499 0.345479
1.5 0.345466
1.501 0.345453
1.502 0.34544
1.503 0.345426
1.504 0.345411
1.505 0.345398
1.506 0.345384
1.507 0.345371
1.508 0.345358
1.509 0.345344
1.51 0.34533
1.511 0.345318
1.512 0.345305
1.513 0.345293
1.514 0.345282
1.515 0.345252
1.516 0.345246
1.517 0.345236
1.518 0.345221
1.519 0.34521
1.52 0.3452
1.521 0.345189
1.522 0.345178
1.523 0.345168
1.524 0.345157
1.525 0.345146
1.526 0.345136
1.527 0.345125
1.528 0.345116
1.529 0.345102
1.53 0.345093
1.531 0.345082
1.532 0.345072
1.533 0.345062
1.534 0.345053
1.535 0.345043
1.536 0.345033
1.537 0.345024
1.538 0.345015
1.539 0.345005
1.54 0.344996
1.541 0.344984
1.542 0.344975
1.543 0.344965
1.544 0.344956
1.545 0.344946
1.546 0.344937
1.547 0.344927
1.548 0.344938
1.549 0.344925
1.55 0.344916
1.551 0.344909
1.552 0.344902
1.553 0.344897
1.554 0.344891
1.555 0.344886
1.556 0.344881
1.557 0.344875
1.558 0.344869
1.559 0.344854
1.56 0.344849
1.561 0.344842
1.562 0.344835
1.563 0.344828
1.564 0.344821
1.565 0.344814
1.566 0.344806
1.567 0.344798
1.568 0.344791
1.569 0.344783
1.57 0.344776
1.571 0.344763
1.572 0.344756
1.573 0.344747
1.574 0.34474
1.575 0.344731
1.576 0.34472
1.577 0.344717
1.578 0.344708
1.579 0.344702
1.58 0.344694
1.581 0.344682
1.582 0.344679
1.583 0.34467
1.584 0.344664
1.585 0.344647
1.586 0.34464
1.587 0.344634
1.588 0.344627
1.589 0.344621
1.59 0.344615
1.591 0.344505
1.592 0.344494
1.593 0.344488
1.594 0.344483
1.595 0.344477
1.596 0.34447
1.597 0.344464
1.598 0.344452
1.599 0.344438
1.6 0.344429
1.601 0.344424
1.602 0.344418
1.603 0.344413
1.604 0.344401
1.605 0.344396
1.606 0.34439
1.607 0.344384
1.608 0.344379
1.609 0.344373
1.61 0.344368
1.611 0.344362
1.612 0.344357
1.613 0.344351
1.614 0.344346
1.615 0.34434
1.616 0.344335
1.617 0.344329
1.618 0.344322
1.619 0.344317
1.62 0.344303
1.621 0.344301
1.622 0.344267
1.623 0.344264
1.624 0.344259
1.625 0.344253
1.626 0.344248
1.627 0.344243
1.628 0.344237
1.629 0.344234
1.63 0.344226
1.631 0.344221
1.632 0.344216
1.633 0.344211
1.634 0.344206
1.635 0.344202
1.636 0.344197
1.637 0.344192
1.638 0.344187
1.639 0.344182
1.64 0.34417
1.641 0.344163
1.642 0.344157
1.643 0.344154
1.644 0.344149
1.645 0.344144
1.646 0.344139
1.647 0.344135
1.648 0.34413
1.649 0.344125
1.65 0.34412
1.651 0.344116
1.652 0.344111
1.653 0.344106
1.654 0.344102
1.655 0.344098
1.656 0.34409
1.657 0.344085
1.658 0.34408
1.659 0.344074
1.66 0.344068
1.661 0.344061
1.662 0.34406
1.663 0.344054
1.664 0.344052
1.665 0.344049
1.666 0.344045
1.667 0.344042
1.668 0.344039
1.669 0.344035
1.67 0.344032
1.671 0.344029
1.672 0.344024
1.673 0.343958
1.674 0.343957
1.675 0.343955
1.676 0.343954
1.677 0.343953
1.678 0.343952
1.679 0.343937
1.68 0.343936
1.681 0.343935
1.682 0.343934
1.683 0.343932
1.684 0.343931
1.685 0.34393
1.686 0.343929
1.687 0.343928
1.688 0.343929
1.689 0.343927
1.69 0.343925
1.691 0.343919
1.692 0.343921
1.693 0.343912
1.694 0.343906
1.695 0.343886
1.696 0.343884
1.697 0.34388
1.698 0.343881
1.699 0.343876
1.7 0.343869
1.701 0.343867
1.702 0.343868
1.703 0.343866
1.704 0.343865
1.705 0.343847
1.706 0.343845
1.707 0.343843
1.708 0.343841
1.709 0.343839
1.71 0.343837
1.711 0.343835
1.712 0.343834
1.713 0.34383
1.714 0.343829
1.715 0.343827
1.716 0.343825
1.717 0.343823
1.718 0.343821
1.719 0.343819
1.72 0.343817
1.721 0.343814
1.722 0.343812
1.723 0.34381
1.724 0.343807
1.725 0.343805
1.726 0.343803
1.727 0.343801
1.728 0.343798
1.729 0.343796
1.73 0.343794
1.731 0.343792
1.732 0.343789
1.733 0.343787
1.734 0.343785
1.735 0.343783
1.736 0.343781
1.737 0.343778
1.738 0.343776
1.739 0.343774
1.74 0.343769
1.741 0.343767
1.742 0.343761
1.743 0.343755
1.744 0.343756
1.745 0.343755
1.746 0.343709
1.747 0.343705
1.748 0.343703
1.749 0.343701
1.75 0.343691
1.751 0.343696
1.752 0.343695
1.753 0.343694
1.754 0.343692
1.755 0.34369
1.756 0.343688
1.757 0.343686
1.758 0.343685
1.759 0.343682
1.76 0.343676
1.761 0.343671
1.762 0.343673
1.763 0.34367
1.764 0.343669
1.765 0.343566
1.766 0.343566
1.767 0.343565
1.768 0.343566
1.769 0.343567
1.77 0.343568
1.771 0.343569
1.772 0.34357
1.773 0.343571
1.774 0.343571
1.775 0.343571
1.776 0.343572
1.777 0.343573
1.778 0.343573
1.779 0.343573
1.78 0.343574
1.781 0.343573
1.782 0.343573
1.783 0.343574
1.784 0.343477
1.785 0.34348
1.786 0.343484
1.787 0.343487
1.788 0.343491
1.789 0.343494
1.79 0.343497
1.791 0.3435
1.792 0.3435
1.793 0.343503
1.794 0.343506
1.795 0.343509
1.796 0.343512
1.797 0.343515
1.798 0.343518
1.799 0.343521
1.8 0.343524
1.801 0.343527
1.802 0.343529
1.803 0.343527
1.804 0.343543
1.805 0.343532
1.806 0.343535
1.807 0.343538
1.808 0.343539
1.809 0.343541
1.81 0.343538
1.811 0.343543
1.812 0.343546
1.813 0.343549
1.814 0.343551
1.815 0.343553
1.816 0.343555
1.817 0.343558
1.818 0.34356
1.819 0.343562
1.82 0.343564
1.821 0.343567
1.822 0.343569
1.823 0.343571
1.824 0.343573
1.825 0.343579
1.826 0.343578
1.827 0.343579
1.828 0.34358
1.829 0.343576
1.83 0.343585
1.831 0.343586
1.832 0.343588
1.833 0.34359
1.834 0.343576
1.835 0.343579
1.836 0.343582
1.837 0.343577
1.838 0.343581
1.839 0.343581
1.84 0.343586
1.841 0.343588
1.842 0.34359
1.843 0.343594
1.844 0.343595
1.845 0.343599
1.846 0.343602
1.847 0.343605
1.848 0.343608
1.849 0.343611
1.85 0.343614
1.851 0.343617
1.852 0.343621
1.853 0.343625
1.854 0.343627
1.855 0.343629
1.856 0.343632
1.857 0.343636
1.858 0.343639
1.859 0.343643
1.86 0.343646
1.861 0.34365
1.862 0.343653
1.863 0.343657
1.864 0.343643
1.865 0.343646
1.866 0.343652
1.867 0.343653
1.868 0.343657
1.869 0.34366
1.87 0.343665
1.871 0.343674
1.872 0.343668
1.873 0.343673
1.874 0.343671
1.875 0.343675
1.876 0.343679
1.877 0.343682
1.878 0.343685
1.879 0.343688
1.88 0.343692
1.881 0.343695
1.882 0.3437
1.883 0.343701
1.884 0.343704
1.885 0.343702
1.886 0.34371
1.887 0.343711
1.888 0.343715
1.889 0.343718
1.89 0.343721
1.891 0.343725
1.892 0.343729
1.893 0.343732
1.894 0.343735
1.895 0.343739
1.896 0.343742
1.897 0.343746
1.898 0.343747
1.899 0.34375
1.9 0.343754
1.901 0.343757
1.902 0.34376
1.903 0.343764
1.904 0.343768
1.905 0.343771
1.906 0.343775
1.907 0.343778
1.908 0.343782
1.909 0.343785
1.91 0.34379
1.911 0.343792
1.912 0.343796
1.913 0.343799
1.914 0.343803
1.915 0.343806
1.916 0.343809
1.917 0.343809
1.918 0.343811
1.919 0.343816
1.92 0.34382
1.921 0.343824
1.922 0.343824
1.923 0.343826
1.924 0.34383
1.925 0.343826
1.926 0.343832
1.927 0.343836
1.928 0.343829
1.929 0.343832
1.93 0.343835
1.931 0.343839
1.932 0.343845
1.933 0.343846
1.934 0.34385
1.935 0.343847
1.936 0.34385
1.937 0.343854
1.938 0.343857
1.939 0.343861
1.94 0.343865
1.941 0.343869
1.942 0.343869
1.943 0.343873
1.944 0.343877
1.945 0.343881
1.946 0.343884
1.947 0.343888
1.948 0.343892
1.949 0.343896
1.95 0.343853
1.951 0.343858
1.952 0.343856
1.953 0.34386
1.954 0.343856
1.955 0.34386
1.956 0.343866
1.957 0.34387
1.958 0.343873
1.959 0.343878
1.96 0.343852
1.961 0.343857
1.962 0.343862
1.963 0.343866
1.964 0.343872
1.965 0.343875
1.966 0.343877
1.967 0.343881
1.968 0.343863
1.969 0.343867
1.97 0.343871
1.971 0.343875
1.972 0.34388
1.973 0.343884
1.974 0.343889
1.975 0.343893
1.976 0.343898
1.977 0.343902
1.978 0.343906
1.979 0.343905
1.98 0.34391
1.981 0.343915
1.982 0.34392
1.983 0.343924
1.984 0.343932
1.985 0.343927
1.986 0.343939
1.987 0.343938
1.988 0.343943
1.989 0.343951
1.99 0.343957
1.991 0.343963
1.992 0.343969
1.993 0.343974
1.994 0.34398
1.995 0.343986
1.996 0.343989
1.997 0.343968
1.998 0.343974
1.999 0.34398
2 0.343985
2.001 0.343991
2.002 0.343996
2.003 0.344002
2.004 0.344007
2.005 0.344011
2.006 0.344017
2.007 0.344024
2.008 0.344028
2.009 0.344035
2.01 0.344038
2.011 0.344042
2.012 0.344035
2.013 0.344038
2.014 0.344004
2.015 0.344011
2.016 0.344016
2.017 0.344028
2.018 0.344034
2.019 0.344039
2.02 0.344046
2.021 0.34405
2.022 0.344054
2.023 0.34406
2.024 0.344065
2.025 0.34407
2.026 0.344075
2.027 0.344079
2.028 0.344084
2.029 0.34409
2.03 0.344094
2.031 0.344099
2.032 0.344061
2.033 0.344052
2.034 0.344058
2.035 0.344063
2.036 0.344068
2.037 0.344074
2.038 0.344079
2.039 0.344085
2.04 0.34409
2.041 0.344095
2.042 0.344101
2.043 0.344106
2.044 0.344115
2.045 0.344116
2.046 0.344121
2.047 0.344126
2.048 0.344131
2.049 0.344134
2.05 0.34413
2.051 0.344136
2.052 0.344135
2.053 0.344143
2.054 0.344125
2.055 0.344088
2.056 0.344095
2.057 0.344104
2.058 0.344111
2.059 0.344119
2.06 0.344121
2.061 0.344129
2.062 0.344138
2.063 0.344145
2.064 0.344152
2.065 0.34416
2.066 0.344168
2.067 0.344175
2.068 0.344185
2.069 0.344161
2.07 0.344173
2.071 0.34418
2.072 0.344187
2.073 0.344195
2.074 0.344203
2.075 0.344211
2.076 0.34422
2.077 0.344228
2.078 0.344236
2.079 0.344245
2.08 0.344253
2.081 0.344262
2.082 0.34427
2.083 0.344279
2.084 0.344287
2.085 0.344295
2.086 0.344303
2.087 0.344311
2.088 0.344319
2.089 0.344327
2.09 0.344336
2.091 0.344343
2.092 0.34435
2.093 0.344359
2.094 0.344366
2.095 0.344373
2.096 0.34438
2.097 0.344386
2.098 0.344394
2.099 0.344385
2.1 0.34439
2.101 0.344353
2.102 0.34436
2.103 0.344366
2.104 0.344367
2.105 0.344381
2.106 0.344388
2.107 0.344396
2.108 0.344405
2.109 0.344413
2.11 0.344421
2.111 0.344428
2.112 0.344437
2.113 0.344445
2.114 0.344452
2.115 0.344459
2.116 0.344467
2.117 0.344473
2.118 0.344481
2.119 0.34449
2.12 0.344496
2.121 0.344504
2.122 0.34451
2.123 0.344519
2.124 0.344527
2.125 0.344534
2.126 0.344514
2.127 0.344519
2.128 0.344525
2.129 0.344533
2.13 0.344541
2.131 0.34455
2.132 0.344558
2.133 0.344566
2.134 0.344574
2.135 0.344581
2.136 0.344587
2.137 0.344595
2.138 0.344602
2.139 0.34461
2.14 0.344616
2.141 0.344623
2.142 0.34463
2.143 0.344605
2.144 0.344613
2.145 0.34462
2.146 0.344627
2.147 0.344632
2.148 0.344637
2.149 0.344644
2.15 0.34465
2.151 0.344657
2.152 0.344665
2.153 0.34467
2.154 0.344677
2.155 0.344684
2.156 0.344692
2.157 0.344699
2.158 0.344706
2.159 0.344713
2.16 0.34472
2.161 0.344748
2.162 0.344759
2.163 0.344771
2.164 0.344784
2.165 0.344808
2.166 0.344807
2.167 0.344845
2.168 0.344834
2.169 0.344849
2.17 0.344859
2.171 0.344871
2.172 0.344884
2.173 0.344895
2.174 0.344907
2.175 0.344918
2.176 0.344929
2.177 0.34494
2.178 0.344947
2.179 0.344956
2.18 0.344967
2.181 0.344977
2.182 0.344987
2.183 0.344997
2.184 0.345006
2.185 0.345016
2.186 0.345025
2.187 0.345034
2.188 0.345046
2.189 0.345053
2.19 0.345062
2.191 0.345068
2.192 0.345076
2.193 0.345086
2.194 0.345093
2.195 0.345101
2.196 0.345106
2.197 0.345121
2.198 0.345114
2.199 0.345124
2.2 0.345133
2.201 0.345142
2.202 0.345153
2.203 0.345162
2.204 0.345171
2.205 0.345181
2.206 0.345191
2.207 0.345201
2.208 0.34521
2.209 0.34522
2.21 0.34523
2.211 0.345238
2.212 0.345247
2.213 0.345257
2.214 0.345267
2.215 0.345277
2.216 0.345286
2.217 0.345296
2.218 0.345306
2.219 0.345316
2.22 0.345325
2.221 0.345335
2.222 0.345345
2.223 0.345355
2.224 0.345365
2.225 0.345374
2.226 0.34538
2.227 0.34539
2.228 0.345399
2.229 0.345407
2.23 0.345415
2.231 0.345431
2.232 0.345434
2.233 0.345443
2.234 0.345453
2.235 0.345459
2.236 0.345469
2.237 0.345479
2.238 0.345488
2.239 0.345496
2.24 0.345505
2.241 0.345514
2.242 0.345523
2.243 0.345532
2.244 0.345542
2.245 0.345551
2.246 0.345559
2.247 0.345568
2.248 0.345576
2.249 0.34558
2.25 0.34559
2.251 0.345602
2.252 0.345612
2.253 0.345622
2.254 0.34563
2.255 0.345639
2.256 0.34565
2.257 0.345658
2.258 0.345667
2.259 0.345676
2.26 0.345683
2.261 0.345692
2.262 0.3457
2.263 0.345708
2.264 0.345717
2.265 0.345725
2.266 0.345734
2.267 0.345742
2.268 0.345751
2.269 0.345759
2.27 0.345767
2.271 0.345775
2.272 0.345782
2.273 0.345787
2.274 0.345795
2.275 0.345802
2.276 0.345804
2.277 0.345815
2.278 0.345822
2.279 0.345827
2.28 0.345832
2.281 0.345838
2.282 0.345844
2.283 0.34585
2.284 0.345857
2.285 0.345863
2.286 0.345863
2.287 0.345875
2.288 0.345883
2.289 0.34589
2.29 0.345898
2.291 0.345902
2.292 0.345909
2.293 0.345916
2.294 0.345923
2.295 0.34593
2.296 0.345937
2.297 0.345944
2.298 0.345953
2.299 0.345961
2.3 0.345963
2.301 0.34597
2.302 0.345975
2.303 0.345983
2.304 0.345989
2.305 0.345996
2.306 0.346001
2.307 0.34601
2.308 0.346019
2.309 0.345977
2.31 0.345985
2.311 0.345993
2.312 0.346001
2.313 0.346008
2.314 0.345962
2.315 0.345962
2.316 0.345969
2.317 0.345977
2.318 0.345985
2.319 0.345996
2.32 0.346004
2.321 0.346013
2.322 0.346017
2.323 0.346026
2.324 0.346032
2.325 0.346039
2.326 0.346037
2.327 0.346046
2.328 0.346054
2.329 0.346062
2.33 0.346065
2.331 0.346073
2.332 0.34608
2.333 0.346088
2.334 0.346096
2.335 0.346104
2.336 0.346111
2.337 0.346119
2.338 0.346127
2.339 0.346135
2.34 0.346143
2.341 0.34615
2.342 0.346159
2.343 0.346164
2.344 0.346172
2.345 0.346178
2.346 0.346175
2.347 0.34619
2.348 0.346172
2.349 0.346183
2.35 0.346191
2.351 0.3462
2.352 0.346208
2.353 0.346216
2.354 0.346224
2.355 0.346232
2.356 0.34624
2.357 0.346248
2.358 0.346256
2.359 0.346261
2.36 0.346266
2.361 0.346273
2.362 0.346281
2.363 0.346289
2.364 0.346296
2.365 0.346304
2.366 0.346311
2.367 0.346318
2.368 0.346326
2.369 0.346333
2.37 0.34634
2.371 0.346346
2.372 0.346349
2.373 0.346356
2.374 0.346361
2.375 0.34637
2.376 0.346373
2.377 0.346372
2.378 0.346377
2.379 0.346387
2.38 0.346394
2.381 0.346401
2.382 0.346406
2.383 0.346414
2.384 0.346422
2.385 0.346429
2.386 0.346434
2.387 0.346442
2.388 0.346449
2.389 0.346456
2.39 0.346461
2.391 0.346469
2.392 0.346476
2.393 0.346434
2.394 0.346443
2.395 0.346442
2.396 0.346451
2.397 0.346459
2.398 0.346468
2.399 0.346477
2.4 0.346485
2.401 0.346493
2.402 0.346502
2.403 0.34651
2.404 0.346518
2.405 0.346526
2.406 0.346534
2.407 0.346542
2.408 0.34655
2.409 0.34656
2.41 0.346565
2.411 0.346573
2.412 0.346564
2.413 0.346571
2.414 0.346576
2.415 0.346577
2.416 0.346585
2.417 0.346592
2.418 0.3466
2.419 0.346586
2.42 0.346593
2.421 0.3466
2.422 0.346607
2.423 0.346614
2.424 0.346621
2.425 0.346629
2.426 0.346636
2.427 0.346645
2.428 0.346652
2.429 0.346655
2.43 0.346641
2.431 0.346645
2.432 0.346656
2.433 0.346663
2.434 0.34667
2.435 0.346677
2.436 0.346684
2.437 0.34669
2.438 0.346698
2.439 0.346705
2.44 0.346712
2.441 0.346719
2.442 0.346726
2.443 0.346732
2.444 0.346739
2.445 0.346745
2.446 0.346752
2.447 0.346759
2.448 0.346766
2.449 0.346772
2.45 0.346778
2.451 0.346784
2.452 0.346791
2.453 0.346796
2.454 0.346803
2.455 0.346809
2.456 0.34681
2.457 0.346818
2.458 0.346824
2.459 0.34683
2.46 0.346789
2.461 0.346794
2.462 0.346798
2.463 0.346798
2.464 0.346803
2.465 0.346803
2.466 0.346813
2.467 0.346818
2.468 0.346825
2.469 0.34683
2.47 0.346836
2.471 0.346842
2.472 0.346848
2.473 0.346852
2.474 0.346857
2.475 0.346862
2.476 0.346868
2.477 0.346874
2.478 0.346881
2.479 0.346884
2.48 0.34689
2.481 0.346895
2.482 0.346901
2.483 0.346907
2.484 0.346913
2.485 0.346916
2.486 0.346918
2.487 0.346823
2.488 0.34683
2.489 0.346835
2.49 0.346842
2.491 0.346849
2.492 0.346857
2.493 0.346863
2.494 0.34687
2.495 0.346877
2.496 0.346884
2.497 0.34689
2.498 0.346896
2.499 0.346903
2.5 0.346909
2.501 0.346915
2.502 0.346921
2.503 0.346927
2.504 0.346933
2.505 0.346846
2.506 0.346853
2.507 0.346861
2.508 0.346868
2.509 0.346876
2.51 0.346884
2.511 0.346892
2.512 0.3469
2.513 0.346905
2.514 0.346913
2.515 0.34692
2.516 0.346928
2.517 0.346936
2.518 0.346943
2.519 0.346951
2.52 0.346959
2.521 0.346966
2.522 0.346973
2.523 0.346985
2.524 0.346988
2.525 0.346996
2.526 0.347
2.527 0.347021
2.528 0.347012
2.529 0.347018
2.53 0.347027
2.531 0.347035
2.532 0.347042
2.533 0.347049
2.534 0.347056
2.535 0.347064
2.536 0.347071
2.537 0.347078
2.538 0.347085
2.539 0.347091
2.54 0.347097
2.541 0.3471
2.542 0.347107
2.543 0.347113
2.544 0.34712
2.545 0.347126
2.546 0.347134
2.547 0.347139
2.548 0.347145
2.549 0.347152
2.55 0.347157
2.551 0.347162
2.552 0.34717
2.553 0.347174
2.554 0.347178
2.555 0.347184
2.556 0.347172
2.557 0.347173
2.558 0.347174
2.559 0.347188
2.56 0.347192
2.561 0.347195
2.562 0.3472
2.563 0.347205
2.564 0.347211
2.565 0.347217
2.566 0.347222
2.567 0.347227
2.568 0.347233
2.569 0.347238
2.57 0.347244
2.571 0.34725
2.572 0.347256
2.573 0.34726
2.574 0.347265
2.575 0.34727
2.576 0.347276
2.577 0.347281
2.578 0.347287
2.579 0.347292
2.58 0.347298
2.581 0.347303
2.582 0.347308
2.583 0.347313
2.584 0.347318
2.585 0.347323
2.586 0.347328
2.587 0.347318
2.588 0.347325
2.589 0.347328
2.59 0.347333
2.591 0.347338
2.592 0.347346
2.593 0.347346
2.594 0.347351
2.595 0.347355
2.596 0.34736
2.597 0.347365
2.598 0.347366
2.599 0.34737
2.6 0.347376
2.601 0.347378
2.602 0.347383
2.603 0.347387
2.604 0.347392
2.605 0.347398
2.606 0.347401
2.607 0.347406
2.608 0.34741
2.609 0.347414
2.61 0.347418
2.611 0.347421
2.612 0.347426
2.613 0.347431
2.614 0.347435
2.615 0.34744
2.616 0.347445
2.617 0.347449
2.618 0.347454
2.619 0.347458
2.62 0.347464
2.621 0.347468
2.622 0.34747
2.623 0.347475
2.624 0.347479
2.625 0.347483
2.626 0.347487
2.627 0.347492
2.628 0.347496
2.629 0.347501
2.63 0.347503
2.631 0.347507
2.632 0.347511
2.633 0.347514
2.634 0.347518
2.635 0.347521
2.636 0.347522
2.637 0.347525
2.638 0.347528
2.639 0.347532
2.64 0.347536
2.641 0.347539
2.642 0.347543
2.643 0.347543
2.644 0.347546
2.645 0.347543
2.646 0.347551
2.647 0.347554
2.648 0.347556
2.649 0.34756
2.65 0.34756
2.651 0.347563
2.652 0.347567
2.653 0.347561
2.654 0.347562
2.655 0.347565
2.656 0.347568
2.657 0.347571
2.658 0.347574
2.659 0.347571
2.66 0.347574
2.661 0.347576
2.662 0.347579
2.663 0.34758
2.664 0.347581
2.665 0.347582
2.666 0.347589
2.667 0.347591
2.668 0.347592
2.669 0.347595
2.67 0.347598
2.671 0.347554
2.672 0.347557
2.673 0.347559
2.674 0.347563
2.675 0.347563
2.676 0.347553
2.677 0.347555
2.678 0.347558
2.679 0.347559
2.68 0.347561
2.681 0.347564
2.682 0.347566
2.683 0.347568
2.684 0.347542
2.685 0.347546
2.686 0.347548
2.687 0.347548
2.688 0.347549
2.689 0.347548
2.69 0.34755
2.691 0.347551
2.692 0.34753
2.693 0.347532
2.694 0.347534
2.695 0.347536
2.696 0.347538
2.697 0.34754
2.698 0.347542
2.699 0.347544
2.7 0.347546
2.701 0.347548
2.702 0.34755
2.703 0.347552
2.704 0.347555
2.705 0.347555
2.706 0.347558
2.707 0.347543
2.708 0.347554
2.709 0.347561
2.71 0.34756
2.711 0.347563
2.712 0.347566
2.713 0.347569
2.714 0.347572
2.715 0.347575
2.716 0.347578
2.717 0.34758
2.718 0.347583
2.719 0.347584
2.72 0.347587
2.721 0.347589
2.722 0.347558
2.723 0.34756
2.724 0.347562
2.725 0.347564
2.726 0.347566
2.727 0.347568
2.728 0.347569
2.729 0.347571
2.73 0.347572
2.731 0.347575
2.732 0.347562
2.733 0.347563
2.734 0.347526
2.735 0.347527
2.736 0.347528
2.737 0.347534
2.738 0.347535
2.739 0.347535
2.74 0.347535
2.741 0.347537
2.742 0.34754
2.743 0.347541
2.744 0.347541
2.745 0.347541
2.746 0.347542
2.747 0.347543
2.748 0.347543
2.749 0.347541
2.75 0.347542
2.751 0.347543
2.752 0.347499
2.753 0.3475
2.754 0.347489
2.755 0.34749
2.756 0.347491
2.757 0.347491
2.758 0.347492
2.759 0.347492
2.76 0.347493
2.761 0.347493
2.762 0.347493
2.763 0.347493
2.764 0.347493
2.765 0.347493
2.766 0.347496
2.767 0.347492
2.768 0.347493
2.769 0.347548
2.77 0.347521
2.771 0.347527
2.772 0.347521
2.773 0.347527
2.774 0.347511
2.775 0.347478
2.776 0.347483
2.777 0.347494
2.778 0.347501
2.779 0.347503
2.78 0.34751
2.781 0.347517
2.782 0.347524
2.783 0.34753
2.784 0.347537
2.785 0.347543
2.786 0.347549
2.787 0.347554
2.788 0.347558
2.789 0.347538
2.79 0.347542
2.791 0.347542
2.792 0.34755
2.793 0.347555
2.794 0.347559
2.795 0.347564
2.796 0.347568
2.797 0.347572
2.798 0.347576
2.799 0.347581
2.8 0.347586
2.801 0.34759
2.802 0.347594
2.803 0.347598
2.804 0.347601
2.805 0.347604
2.806 0.347608
2.807 0.347613
2.808 0.347616
2.809 0.347619
2.81 0.347623
2.811 0.347626
2.812 0.347629
2.813 0.347632
2.814 0.347635
2.815 0.347636
2.816 0.34764
2.817 0.347638
2.818 0.347642
2.819 0.34763
2.82 0.347585
2.821 0.34759
2.822 0.347591
2.823 0.347594
2.824 0.347597
2.825 0.347601
2.826 0.347603
2.827 0.347601
2.828 0.347609
2.829 0.347612
2.83 0.347615
2.831 0.347617
2.832 0.34762
2.833 0.347623
2.834 0.347624
2.835 0.347626
2.836 0.347627
2.837 0.347629
2.838 0.347632
2.839 0.347634
2.84 0.347636
2.841 0.347639
2.842 0.34764
2.843 0.347642
2.844 0.347642
2.845 0.347618
2.846 0.347615
2.847 0.34762
2.848 0.34762
2.849 0.347622
2.85 0.347624
2.851 0.347626
2.852 0.347627
2.853 0.347629
2.854 0.347631
2.855 0.347633
2.856 0.347635
2.857 0.347637
2.858 0.347638
2.859 0.347639
2.86 0.34764
2.861 0.347642
2.862 0.347643
2.863 0.347646
2.864 0.347609
2.865 0.34761
2.866 0.347611
2.867 0.347612
2.868 0.347613
2.869 0.347614
2.87 0.347616
2.871 0.347616
2.872 0.347614
2.873 0.347615
2.874 0.347615
2.875 0.347615
2.876 0.347615
2.877 0.347615
2.878 0.347615
2.879 0.347616
2.88 0.347615
2.881 0.347613
2.882 0.347613
2.883 0.347611
2.884 0.347612
2.885 0.347604
2.886 0.347616
2.887 0.347603
2.888 0.347602
2.889 0.347601
2.89 0.347601
2.891 0.347601
2.892 0.3476
2.893 0.3476
2.894 0.347599
2.895 0.347599
2.896 0.347598
2.897 0.347597
2.898 0.347596
2.899 0.347594
2.9 0.347588
2.901 0.347588
2.902 0.347587
2.903 0.347586
2.904 0.347584
2.905 0.347583
2.906 0.347581
2.907 0.34758
2.908 0.347581
2.909 0.347577
2.91 0.347574
2.911 0.347574
2.912 0.347572
2.913 0.347567
2.914 0.347565
2.915 0.34756
2.916 0.34756
2.917 0.347558
2.918 0.347529
2.919 0.347537
2.92 0.347535
2.921 0.347534
2.922 0.347531
2.923 0.347531
2.924 0.34753
2.925 0.347528
2.926 0.347526
2.927 0.347524
2.928 0.347523
2.929 0.347521
2.93 0.34752
2.931 0.347519
2.932 0.347517
2.933 0.347516
2.934 0.347513
2.935 0.34751
2.936 0.347509
2.937 0.347507
2.938 0.347506
2.939 0.347504
2.94 0.347503
2.941 0.347501
2.942 0.3475
2.943 0.347498
2.944 0.347497
2.945 0.347496
2.946 0.347491
2.947 0.347489
2.948 0.347488
2.949 0.347487
2.95 0.34748
2.951 0.347483
2.952 0.347476
2.953 0.347469
2.954 0.347473
2.955 0.347465
2.956 0.347465
2.957 0.347463
2.958 0.347461
2.959 0.347459
2.96 0.347455
2.961 0.347453
2.962 0.34745
2.963 0.347448
2.964 0.347445
2.965 0.347443
2.966 0.34744
2.967 0.347436
2.968 0.347429
2.969 0.347427
2.97 0.347422
2.971 0.347417
2.972 0.347417
2.973 0.347414
2.974 0.347411
2.975 0.347408
2.976 0.347404
2.977 0.347399
2.978 0.347397
2.979 0.347394
2.98 0.347388
2.981 0.347384
2.982 0.34738
2.983 0.347376
2.984 0.347372
2.985 0.347368
2.986 0.347364
2.987 0.34736
2.988 0.347355
2.989 0.347351
2.99 0.347347
2.991 0.347342
2.992 0.347338
2.993 0.347334
2.994 0.347329
2.995 0.347321
2.996 0.347317
2.997 0.347312
2.998 0.347307
2.999 0.347302
3     0.347298
