0.0     0.5
0.005     0.500011622906
0.01     0.500052452087
0.015     0.500122129917
0.02     0.500220060349
0.025     0.500345766544
0.03     0.500498771667
0.035     0.500678598881
0.04     0.500884890556
0.045     0.501117348671
0.05     0.501375675201
0.055     0.50165951252
0.06     0.501968562603
0.065     0.502302408218
0.07     0.502660810947
0.075     0.503043472767
0.08     0.503450095654
0.085     0.50388032198
0.09     0.504333972931
0.095     0.50481069088
0.1     0.505310237408
0.105     0.505832433701
0.11     0.506377100945
0.115     0.506943881512
0.12     0.507532596588
0.125     0.508142709732
0.13     0.508774220943
0.135     0.509426891804
0.14     0.51010042429
0.145     0.510794699192
0.15     0.511509597301
0.155     0.512244939804
0.16     0.513000369072
0.165     0.513775706291
0.17     0.514570951462
0.175     0.51538592577
0.18     0.516220510006
0.185     0.517074286938
0.19     0.51794719696
0.195     0.518838644028
0.2     0.519747972488
0.205     0.520675122738
0.21     0.521620154381
0.215     0.522583067417
0.22     0.52356338501
0.225     0.524561226368
0.23     0.52557605505
0.235     0.526606738567
0.24     0.527654230595
0.245     0.528717696667
0.25     0.529796421528
0.255     0.53089183569
0.26     0.53200507164
0.265     0.533135354519
0.27     0.53428208828
0.275     0.535444557667
0.28     0.536622226238
0.285     0.537815868855
0.29     0.539024472237
0.295     0.540248453617
0.3     0.541487276554
0.305     0.542740702629
0.31     0.544011771679
0.315     0.545296907425
0.32     0.54659473896
0.325     0.547904670238
0.33     0.549226820469
0.335     0.550559997559
0.34     0.551904439926
0.345     0.553260147572
0.35     0.554627776146
0.355     0.556007504463
0.36     0.557402312756
0.365     0.558812260628
0.37     0.560234367847
0.375     0.561668097973
0.38     0.563112974167
0.385     0.56456810236
0.39     0.566034138203
0.395     0.567512214184
0.4     0.569006085396
0.405     0.57051384449
0.41     0.572032928467
0.415     0.573561608791
0.42     0.575099349022
0.425     0.576645612717
0.43     0.578201174736
0.435     0.579761922359
0.44     0.581326663494
0.445     0.582899570465
0.45     0.584482252598
0.455     0.586073458195
0.46     0.587674200535
0.465     0.589283883572
0.47     0.590903937817
0.475     0.592533767223
0.48     0.594174265862
0.485     0.595820367336
0.49     0.59746837616
0.495     0.599120438099
0.5     0.600777029991
0.505     0.602439165115
0.51     0.604109823704
0.515     0.605791568756
0.52     0.607489049435
0.525     0.609194993973
0.53     0.610905051231
0.535     0.612616896629
0.54     0.614330530167
0.545     0.616046190262
0.55     0.617764532566
0.555     0.619488894939
0.56     0.62121874094
0.565     0.622954487801
0.57     0.624697506428
0.575     0.626446247101
0.58     0.628193080425
0.585     0.629937112331
0.59     0.63168656826
0.595     0.633431553841
0.6     0.635173678398
0.605     0.636915683746
0.61     0.638665139675
0.615     0.640429794788
0.62     0.642205178738
0.625     0.643993854523
0.63     0.645789921284
0.635     0.647574901581
0.64     0.649354279041
0.645     0.651132524014
0.65     0.652915239334
0.655     0.654702425003
0.66     0.656485557556
0.665     0.658271372318
0.67     0.660058259964
0.675     0.661857485771
0.68     0.663657844067
0.685     0.66545855999
0.69     0.667262732983
0.695     0.669061481953
0.7     0.670857429504
0.705     0.672649741173
0.71     0.674437463284
0.715     0.676226735115
0.72     0.678023338318
0.725     0.679834127426
0.73     0.681667685509
0.735     0.683493852615
0.74     0.685311019421
0.745     0.687122523785
0.75     0.688921749592
0.755     0.690717637539
0.76     0.692509829998
0.765     0.694305181503
0.77     0.696106791496
0.775     0.697909116745
0.78     0.699718475342
0.785     0.701531648636
0.79     0.703339636326
0.795     0.705138325691
0.8     0.70692896843
0.805     0.708717942238
0.81     0.710500299931
0.815     0.712282657623
0.82     0.714067816734
0.825     0.71586561203
0.83     0.717675209045
0.835     0.719510138035
0.84     0.721340239048
0.845     0.723156273365
0.85     0.724951028824
0.855     0.726753473282
0.86     0.728555202484
0.865     0.730376601219
0.87     0.732244372368
0.875     0.734050154686
0.88     0.73584908247
0.885     0.737653851509
0.89     0.739463865757
0.895     0.741275131702
0.9     0.743082165718
0.905     0.744886934757
0.91     0.746688604355
0.915     0.748480737209
0.92     0.750257015228
0.925     0.752030849457
0.93     0.753811955452
0.935     0.755597889423
0.94     0.757385253906
0.945     0.759173691273
0.95     0.760963022709
0.955     0.762755155563
0.96     0.764549791813
0.965     0.766344726086
0.97     0.768138408661
0.975     0.769929409027
0.98     0.77172267437
0.985     0.773518562317
0.99     0.775311946869
0.995     0.777103185654
1.0     0.778890609741
1.005     0.780677378178
1.01     0.782459199429
1.015     0.784239888191
1.02     0.786016821861
1.025     0.787793576717
1.03     0.789568603039
1.035     0.791346430779
1.04     0.793121218681
1.045     0.794897437096
1.05     0.796673536301
1.055     0.798449039459
1.06     0.800224006176
1.065     0.801999568939
1.07     0.803775370121
1.075     0.805550694466
1.08     0.807327270508
1.085     0.809100151062
1.09     0.810870289803
1.095     0.812640726566
1.1     0.814408838749
1.105     0.816174328327
1.11     0.81793910265
1.115     0.81970256567
1.12     0.821464776993
1.125     0.823224723339
1.13     0.824988186359
1.135     0.82675153017
1.14     0.828515052795
1.145     0.830280125141
1.15     0.83204627037
1.155     0.833812475204
1.16     0.835578918457
1.165     0.837335586548
1.17     0.839083373547
1.175     0.840829670429
1.18     0.842574775219
1.185     0.844318032265
1.19     0.846065044403
1.195     0.847812414169
1.2     0.849560976028
1.205     0.851303875446
1.21     0.853042423725
1.215     0.85478168726
1.22     0.856521785259
1.225     0.858272373676
1.23     0.86002767086
1.235     0.861793458462
1.24     0.863560318947
1.245     0.865325331688
1.25     0.867073535919
1.255     0.868808448315
1.26     0.870542049408
1.265     0.872269451618
1.27     0.873994290829
1.275     0.875726521015
1.28     0.877464830875
1.285     0.879213452339
1.29     0.880955040455
1.295     0.882688224316
1.3     0.884412527084
1.305     0.886137068272
1.31     0.887863636017
1.315     0.889584064484
1.32     0.891315817833
1.325     0.893061459064
1.33     0.89482742548
1.335     0.896581292152
1.34     0.898317873478
1.345     0.90004336834
1.35     0.901763796806
1.355     0.903480947018
1.36     0.905188560486
1.365     0.906901955605
1.37     0.908632874489
1.375     0.910369336605
1.38     0.912094771862
1.385     0.913814544678
1.39     0.915533363819
1.395     0.917245984077
1.4     0.918952167034
1.405     0.92065513134
1.41     0.922369599342
1.415     0.924100995064
1.42     0.925864458084
1.425     0.92761605978
1.43     0.929358482361
1.435     0.931094884872
1.44     0.932824194431
1.445     0.93454182148
1.45     0.936256229877
1.455     0.937981545925
1.46     0.93972414732
1.465     0.941465556622
1.47     0.943203508854
1.475     0.944934844971
1.48     0.946670472622
1.485     0.948388159275
1.49     0.950071752071
1.495     0.951755642891
1.5     0.95347058773
1.505     0.955192685127
1.51     0.956903755665
1.515     0.958638608456
1.52     0.960397660732
1.525     0.962155044079
1.53     0.963886201382
1.535     0.965587854385
1.54     0.967292845249
1.545     0.969028532505
1.55     0.970799982548
1.555     0.972516357899
1.56     0.9742359519
1.565     0.97595512867
1.57     0.977674245834
1.575     0.97939324379
1.58     0.981111824512
1.585     0.982825160027
1.59     0.984534919262
1.595     0.986241221428
1.6     0.987943410873
1.605     0.989641070366
1.61     0.991342902184
1.615     0.993045032024
1.62     0.994746685028
1.625     0.996446192265
1.63     0.998146235943
1.635     0.999848723412
1.64     1.00155436993
1.645     1.00325989723
1.65     1.00496637821
1.655     1.00667369366
1.66     1.00838184357
1.665     1.01008999348
1.67     1.01179659367
1.675     1.01350128651
1.68     1.01520562172
1.685     1.01691102982
1.69     1.01861488819
1.695     1.02031636238
1.7     1.02201855183
1.705     1.0237197876
1.71     1.02542161942
1.715     1.02712392807
1.72     1.02882730961
1.725     1.03053236008
1.73     1.03224146366
1.735     1.03395009041
1.74     1.0356554985
1.745     1.03736031055
1.75     1.03906559944
1.755     1.04077100754
1.76     1.04247820377
1.765     1.04418671131
1.77     1.04589605331
1.775     1.04760789871
1.78     1.04931712151
1.785     1.05102419853
1.79     1.05272853374
1.795     1.05443513393
1.8     1.0561439991
1.805     1.05785250664
1.81     1.0595600605
1.815     1.06127011776
1.82     1.06298291683
1.825     1.06469476223
1.83     1.06640565395
1.835     1.06811702251
1.84     1.06982898712
1.845     1.07154381275
1.85     1.07325875759
1.855     1.07497262955
1.86     1.07668733597
1.865     1.07840263844
1.87     1.08011043072
1.875     1.08181500435
1.88     1.08352220058
1.885     1.0852278471
1.89     1.08693599701
1.895     1.08864986897
1.9     1.09036672115
1.905     1.09208512306
1.91     1.09380364418
1.915     1.09551787376
1.92     1.09722673893
1.925     1.09893262386
1.93     1.10063660145
1.935     1.10234308243
1.94     1.10405516624
1.945     1.10576868057
1.95     1.10748314857
1.955     1.10920059681
1.96     1.11091268063
1.965     1.11262464523
1.97     1.11434197426
1.975     1.11605286598
1.98     1.11776661873
1.985     1.11949193478
1.99     1.1212221384
1.995     1.12294721603
2.0     1.12467193604
2.005     1.12639164925
2.01     1.12810873985
2.015     1.12982773781
2.02     1.13154137135
2.025     1.13325023651
2.03     1.13496780396
2.035     1.13669025898
2.04     1.13840985298
2.045     1.14012658596
2.05     1.14183163643
2.055     1.14353919029
2.06     1.14525461197
2.065     1.14696407318
2.07     1.14867281914
2.075     1.15039789677
2.08     1.15213298798
2.085     1.15386629105
2.09     1.15558981895
2.095     1.15731084347
2.1     1.15902841091
2.105     1.16075098515
2.11     1.16246676445
2.115     1.16417729855
2.12     1.16589903831
2.125     1.16762888432
2.13     1.16935265064
2.135     1.17106676102
2.14     1.17277312279
2.145     1.17447853088
2.15     1.17620062828
2.155     1.17791903019
2.16     1.17962944508
2.165     1.18145525455
2.17     1.183183074
2.175     1.18490970135
2.18     1.18663227558
2.185     1.1883507967
2.19     1.19007098675
2.195     1.19179332256
2.2     1.19351565838
2.205     1.19523870945
2.21     1.19696342945
2.215     1.19868862629
2.22     1.20041513443
2.225     1.20214390755
2.23     1.20387351513
2.235     1.20560133457
2.24     1.20732855797
2.245     1.20905554295
2.25     1.21078467369
2.255     1.21251177788
2.26     1.21423518658
2.265     1.21595740318
2.27     1.21767926216
2.275     1.2194019556
2.28     1.22112834454
2.285     1.22286832333
2.29     1.22460746765
2.295     1.22634351254
2.3     1.22808086872
2.305     1.22981870174
2.31     1.23155295849
2.315     1.23327589035
2.32     1.23499071598
2.325     1.23670268059
2.33     1.23841536045
2.335     1.24013876915
2.34     1.24186468124
2.345     1.24359178543
2.35     1.24532008171
2.355     1.24704968929
2.36     1.24877989292
2.365     1.25050914288
2.37     1.25223708153
2.375     1.25396513939
2.38     1.25569188595
2.385     1.25741958618
2.39     1.25915110111
2.395     1.26088511944
2.4     1.26261985302
2.405     1.26435518265
2.41     1.26608753204
2.415     1.26781332493
2.42     1.26953840256
2.425     1.27126288414
2.43     1.2729883194
2.435     1.27471780777
2.44     1.27645325661
2.445     1.27819144726
2.45     1.27992916107
2.455     1.28166627884
2.46     1.28340160847
2.465     1.28513479233
2.47     1.2868642807
2.475     1.28859376907
2.48     1.29032790661
2.485     1.29206609726
2.49     1.29380428791
2.495     1.29553997517
2.5     1.2972728014
2.505     1.29900217056
2.51     1.30073535442
2.515     1.30246782303
2.52     1.30420148373
2.525     1.30593979359
2.53     1.3076839447
2.535     1.30942928791
2.54     1.31117069721
2.545     1.3129080534
2.55     1.31464099884
2.555     1.31637561321
2.56     1.31811082363
2.565     1.31984484196
2.57     1.32158172131
2.575     1.32332324982
2.58     1.32506620884
2.585     1.32680749893
2.59     1.32854247093
2.595     1.33026564121
2.6     1.33199322224
2.605     1.33372187614
2.61     1.3354498148
2.615     1.33718490601
2.62     1.33892869949
2.625     1.34067666531
2.63     1.34241902828
2.635     1.34415817261
2.64     1.34589040279
2.645     1.34761726856
2.65     1.34933960438
2.655     1.35106110573
2.66     1.35278820992
2.665     1.35452544689
2.67     1.35626518726
2.675     1.3580031395
2.68     1.35974013805
2.685     1.36146962643
2.69     1.36320996284
2.695     1.36494553089
2.7     1.36667501926
2.705     1.3684091568
2.71     1.37017393112
2.715     1.37194180489
2.72     1.37369298935
2.725     1.37544393539
2.73     1.3771904707
2.735     1.37893664837
2.74     1.38068008423
2.745     1.3824146986
2.75     1.38414311409
2.755     1.38588511944
2.76     1.38763308525
2.765     1.38937330246
2.77     1.39115869999
2.775     1.39290213585
2.78     1.39464092255
2.785     1.3963778019
2.79     1.39811420441
2.795     1.39985084534
2.8     1.40158700943
2.805     1.40332233906
2.81     1.40505826473
2.815     1.40679478645
2.82     1.40853309631
2.825     1.41027295589
2.83     1.41201221943
2.835     1.41375100613
2.84     1.41549301147
2.845     1.41724026203
2.85     1.41898775101
2.855     1.42073202133
2.86     1.4224717617
2.865     1.42420840263
2.87     1.42594254017
2.875     1.42767941952
2.88     1.42941498756
2.885     1.43113934994
2.89     1.43286550045
2.895     1.43459558487
2.9     1.43632650375
2.905     1.43805658817
2.91     1.43979001045
2.915     1.44152843952
2.92     1.4432682991
2.925     1.44500792027
2.93     1.44674611092
2.935     1.44848370552
2.94     1.45022130013
2.945     1.45195865631
2.95     1.45369589329
2.955     1.4554258585
2.96     1.45715415478
2.965     1.45888328552
2.97     1.46061313152
2.975     1.46234548092
2.98     1.4640789032
2.985     1.46581399441
2.99     1.46754944324
2.995     1.46928524971
3.0     1.47102284431
