0.0     0.499999910593
0.005     0.500014841557
0.01     0.500058829784
0.015     0.500131309032
0.02     0.500231683254
0.025     0.500359594822
0.03     0.500514566898
0.035     0.500696182251
0.04     0.500904142857
0.045     0.501137971878
0.05     0.501397371292
0.055     0.501681983471
0.06     0.501991569996
0.065     0.502325713634
0.07     0.502684175968
0.075     0.503066599369
0.08     0.503472805023
0.085     0.503902316093
0.09     0.504355013371
0.095     0.504830479622
0.1     0.505328655243
0.105     0.505849182606
0.11     0.506391823292
0.115     0.506956338882
0.12     0.50754237175
0.125     0.50814974308
0.13     0.508778214455
0.135     0.509427666664
0.14     0.510097742081
0.145     0.51078826189
0.15     0.511498987675
0.155     0.512229561806
0.16     0.51297980547
0.165     0.513749539852
0.17     0.51453858614
0.175     0.515346705914
0.18     0.516173601151
0.185     0.517019152641
0.19     0.517883181572
0.195     0.518765449524
0.2     0.519665718079
0.205     0.520583689213
0.21     0.521519184113
0.215     0.522471964359
0.22     0.523441910744
0.23     0.525432348251
0.235     0.526452541351
0.24     0.527489185333
0.245     0.528541862965
0.25     0.529610395432
0.255     0.530694484711
0.26     0.531794071198
0.265     0.532908916473
0.27     0.534038841724
0.275     0.535183906555
0.28     0.536343753338
0.285     0.53751796484
0.29     0.538706243038
0.295     0.539908468723
0.3     0.541124641895
0.305     0.542354524136
0.31     0.543598115444
0.315     0.544855117798
0.32     0.54612493515
0.325     0.547407567501
0.33     0.548702597618
0.335     0.550010204315
0.34     0.551330327988
0.345     0.552662670612
0.35     0.554006814957
0.355     0.555362522602
0.36     0.55672955513
0.365     0.558107674122
0.37     0.559497237206
0.375     0.560897767544
0.38     0.562309145927
0.385     0.563730895519
0.39     0.565162599087
0.395     0.566604495049
0.4     0.568056404591
0.405     0.569518268108
0.41     0.570989847183
0.415     0.572470545769
0.42     0.573960185051
0.425     0.57545876503
0.43     0.576966404915
0.435     0.578482925892
0.44     0.580007791519
0.445     0.581540822983
0.45     0.58308160305
0.455     0.584630429745
0.46     0.586187183857
0.465     0.587751686573
0.47     0.589323461056
0.475     0.590902268887
0.48     0.592487931252
0.485     0.594080686569
0.49     0.595680236816
0.495     0.597286522388
0.5     0.598899006844
0.505     0.600517570972
0.51     0.60214227438
0.515     0.603772878647
0.52     0.605409383774
0.525     0.607051491737
0.53     0.608699083328
0.535     0.610351800919
0.54     0.612009763718
0.545     0.613672852516
0.55     0.615340769291
0.555     0.617013514042
0.56     0.618690729141
0.565     0.620372474194
0.57     0.622058570385
0.575     0.623748898506
0.58     0.625443339348
0.585     0.627141833305
0.59     0.628843963146
0.595     0.630549907684
0.6     0.632259488106
0.605     0.633972525597
0.615     0.637408733368
0.62     0.639131605625
0.625     0.640857517719
0.63     0.642586350441
0.635     0.644318163395
0.64     0.646052718163
0.645     0.647801756859
0.65     0.649541497231
0.655     0.651283621788
0.66     0.653028130531
0.665     0.654775083065
0.67     0.656524240971
0.675     0.658275425434
0.68     0.660028636456
0.685     0.661783695221
0.69     0.663540840149
0.695     0.665299713612
0.7     0.667060315609
0.705     0.668822646141
0.71     0.67058634758
0.715     0.672351777554
0.72     0.674118638039
0.725     0.675886750221
0.73     0.677656233311
0.735     0.679427027702
0.74     0.681198954582
0.745     0.68297213316
0.75     0.684746146202
0.755     0.686521410942
0.76     0.688297629356
0.765     0.69007474184
0.77     0.691852688789
0.775     0.693631410599
0.78     0.695410907269
0.785     0.697191178799
0.79     0.698972165585
0.795     0.700753748417
0.8     0.702535808086
0.805     0.704318404198
0.81     0.706101715565
0.815     0.707885444164
0.82     0.709669530392
0.825     0.711453855038
0.83     0.713238656521
0.835     0.715023815632
0.84     0.716809391975
0.845     0.718595027924
0.85     0.720380783081
0.855     0.722166717052
0.86     0.723953008652
0.865     0.725739479065
0.87     0.727525889874
0.875     0.729312241077
0.88     0.731098651886
0.885     0.732885301113
0.89     0.73467195034
0.895     0.736458361149
0.9     0.738244712353
0.905     0.740031003952
0.91     0.741817355156
0.915     0.743603527546
0.92     0.745389401913
0.925     0.747175097466
0.93     0.748960673809
0.935     0.750746190548
0.94     0.752531409264
0.945     0.754316151142
0.95     0.756100773811
0.955     0.757885217667
0.96     0.759669303894
0.965     0.761453092098
0.97     0.763236403465
0.975     0.765019476414
0.98     0.766802251339
0.985     0.768584609032
0.99     0.770366549492
0.995     0.77214795351
1.005     0.775709927082
1.01     0.777490258217
1.015     0.779269993305
1.02     0.781049251556
1.025     0.782828211784
1.03     0.78460675478
1.035     0.786384761333
1.04     0.788162052631
1.045     0.789938926697
1.05     0.791715443134
1.055     0.793491482735
1.06     0.795266866684
1.065     0.797041594982
1.07     0.798815906048
1.075     0.800589680672
1.08     0.802363038063
1.085     0.804135739803
1.09     0.805907726288
1.095     0.80767929554
1.1     0.80945032835
1.105     0.811220884323
1.11     0.812990665436
1.115     0.814759790897
1.12     0.816528499126
1.125     0.818296611309
1.13     0.820064246655
1.135     0.82183110714
1.14     0.823597311974
1.145     0.82536303997
1.15     0.827128231525
1.155     0.828892827034
1.16     0.830656647682
1.165     0.832419872284
1.17     0.834182560444
1.175     0.835944712162
1.18     0.837706267834
1.185     0.839467048645
1.19     0.841227173805
1.195     0.842986941338
1.2     0.844746053219
1.205     0.846504509449
1.21     0.848262250423
1.215     0.850019335747
1.22     0.851776123047
1.225     0.853532135487
1.23     0.85528755188
1.235     0.857042253017
1.24     0.858796417713
1.245     0.860550165176
1.25     0.862303256989
1.255     0.864055633545
1.26     0.86580735445
1.265     0.867558598518
1.27     0.869309365749
1.275     0.871059536934
1.28     0.872808933258
1.285     0.87455779314
1.29     0.876306116581
1.295     0.878054082394
1.3     0.879801332951
1.305     0.881547927856
1.31     0.883305966854
1.315     0.885051429272
1.32     0.886796653271
1.325     0.888541102409
1.33     0.890284955502
1.335     0.892028272152
1.34     0.89377117157
1.345     0.895513653755
1.35     0.897255420685
1.355     0.898996710777
1.36     0.900737345219
1.365     0.902477741241
1.37     0.904217660427
1.375     0.905956864357
1.38     0.90769559145
1.385     0.909433841705
1.39     0.911171793938
1.395     0.912909209728
1.4     0.914646089077
1.405     0.916382312775
1.41     0.918118357658
1.415     0.91985398531
1.42     0.921589076519
1.425     0.923323690891
1.43     0.925057649612
1.435     0.926791548729
1.44     0.928524971008
1.445     0.930257976055
1.45     0.931990385056
1.455     0.933722376823
1.46     0.935454249382
1.465     0.937185585499
1.47     0.938916623592
1.475     0.94064694643
1.48     0.942377150059
1.485     0.944107055664
1.49     0.945836544037
1.495     0.947565674782
1.5     0.94929420948
1.505     0.951022744179
1.51     0.952750861645
1.515     0.954478621483
1.52     0.956206023693
1.525     0.957933008671
1.53     0.959659934044
1.535     0.961386442184
1.54     0.963112652302
1.545     0.964838385582
1.55     0.966563940048
1.555     0.968289375305
1.56     0.970014452934
1.565     0.97173923254
1.57     0.973463594913
1.575     0.975187897682
1.58     0.976912021637
1.585     0.978635787964
1.59     0.980359256268
1.595     0.982082426548
1.6     0.983805596828
1.605     0.98552852869
1.61     0.987251162529
1.615     0.988973498344
1.62     0.990695595741
1.625     0.992417752743
1.63     0.994139671326
1.635     0.995861291885
1.64     0.997582614422
1.645     0.999303877354
1.65     1.00102508068
1.655     1.00274610519
1.66     1.00446689129
1.665     1.00618743896
1.67     1.00790798664
1.675     1.00962841511
1.68     1.01134872437
1.685     1.0130687952
1.69     1.01478862762
1.695     1.01650857925
1.7     1.01822841167
1.705     1.01994812489
1.71     1.02166748047
1.715     1.02338683605
1.72     1.02510631084
1.725     1.02682566643
1.73     1.0285449028
1.735     1.03026378155
1.74     1.03198289871
1.745     1.03370189667
1.75     1.03542089462
1.755     1.03713977337
1.76     1.0388584137
1.77     1.04229593277
1.775     1.04401469231
1.78     1.04573321342
1.785     1.04745173454
1.79     1.04917037487
1.795     1.0508890152
1.8     1.05260765553
1.805     1.05432605743
1.81     1.05604445934
1.815     1.05776298046
1.82     1.05948162079
1.825     1.06120026112
1.83     1.06291866302
1.835     1.06463706493
1.84     1.06635570526
1.845     1.06807434559
1.85     1.06979298592
1.855     1.07151150703
1.86     1.07323014736
1.865     1.07494902611
1.87     1.07666778564
1.875     1.07838654518
1.88     1.08010530472
1.885     1.08182418346
1.89     1.08354318142
1.895     1.08526229858
1.9     1.08698117733
1.905     1.08870029449
1.91     1.09041953087
1.915     1.09213876724
1.92     1.09385824203
1.925     1.09557747841
1.93     1.0972969532
1.935     1.0990165472
1.94     1.10073626041
1.945     1.10245597363
1.95     1.10417568684
1.955     1.10589563847
1.96     1.1076157093
1.965     1.10933589935
1.97     1.1110560894
1.975     1.11278808117
1.98     1.11450850964
1.985     1.11622905731
1.99     1.1179497242
1.995     1.11967039108
2.0     1.12139117718
2.005     1.12311220169
2.01     1.12483334541
2.015     1.12655472755
2.02     1.12827587128
2.025     1.12999737263
2.03     1.13171899319
2.035     1.13344073296
2.04     1.13516271114
2.045     1.13688457012
2.05     1.13860654831
2.055     1.14032888412
2.06     1.14205133915
2.065     1.14377391338
2.07     1.14549648762
2.075     1.14721930027
2.08     1.14894223213
2.085     1.15066540241
2.09     1.1523886919
2.095     1.15411198139
2.1     1.1558355093
2.105     1.15755927563
2.11     1.15928316116
2.115     1.1610070467
2.12     1.16273105145
2.125     1.16445541382
2.13     1.1661798954
2.135     1.1679046154
2.14     1.16962921619
2.145     1.17135417461
2.15     1.17307925224
2.155     1.17480456829
2.16     1.17653000355
2.165     1.1782554388
2.17     1.17998111248
2.175     1.18170702457
2.18     1.18343305588
2.185     1.1851593256
2.19     1.18688547611
2.195     1.18861210346
2.2     1.19033885002
2.205     1.19206571579
2.21     1.19379270077
2.215     1.19551968575
2.22     1.19724714756
2.225     1.19897460938
2.23     1.20070230961
2.235     1.20243012905
2.24     1.2041580677
2.245     1.20588624477
2.25     1.20761454105
2.255     1.20934307575
2.26     1.21107161045
2.265     1.21280038357
2.27     1.2145293951
2.275     1.21625864506
2.28     1.21798801422
2.285     1.21971726418
2.29     1.22144687176
2.295     1.22317671776
2.3     1.22490668297
2.305     1.2266368866
2.31     1.22836697102
2.315     1.23009741306
2.32     1.23182809353
2.325     1.2335588932
2.33     1.23528969288
2.335     1.23702061176
2.34     1.23875188828
2.345     1.240483284
2.35     1.24221491814
2.355     1.24394643307
2.36     1.24567830563
2.365     1.24741029739
2.37     1.24914252758
2.375     1.25087487698
2.38     1.25260710716
2.385     1.25433969498
2.39     1.25607252121
2.395     1.25780546665
2.4     1.2595385313
2.405     1.26127159595
2.41     1.26300489902
2.415     1.26473844051
2.42     1.26647210121
2.425     1.26820576191
2.43     1.26993954182
2.435     1.27167367935
2.44     1.27340781689
2.445     1.27514219284
2.455     1.27861106396
2.46     1.28034579754
2.465     1.28208065033
2.47     1.28381574154
2.475     1.28555071354
2.48     1.28728592396
2.485     1.28902125359
2.49     1.29075682163
2.495     1.29249250889
2.5     1.29422807693
2.505     1.2959638834
2.51     1.29769992828
2.515     1.29943597317
2.52     1.30117225647
2.525     1.30290842056
2.53     1.30464482307
2.535     1.3063813448
2.54     1.30811810493
2.545     1.30985474586
2.55     1.311591506
2.555     1.31332850456
2.56     1.31506562233
2.565     1.31680285931
2.57     1.31854009628
2.575     1.32027733326
2.58     1.32201480865
2.585     1.32375240326
2.59     1.32549011707
2.595     1.32722771168
2.6     1.3289655447
2.605     1.33070349693
2.61     1.33244156837
2.615     1.33417975903
2.62     1.33591771126
2.625     1.33765590191
2.63     1.33939433098
2.635     1.34113276005
2.64     1.34288311005
2.645     1.34462153912
2.65     1.3463602066
2.655     1.3480989933
2.66     1.34983778
2.665     1.3515765667
2.67     1.35331535339
2.675     1.3550542593
2.68     1.35679328442
2.685     1.35853242874
2.69     1.36027145386
2.695     1.36201047897
2.7     1.36374986172
2.705     1.36548912525
2.71     1.367228508
2.715     1.36896765232
2.72     1.37070703506
2.725     1.37244653702
2.73     1.37418603897
2.735     1.37592554092
2.74     1.37766492367
2.745     1.37940442562
2.75     1.38114416599
2.755     1.38288378716
2.76     1.38462340832
2.765     1.38636291027
2.77     1.38810265064
2.775     1.38984239101
2.78     1.39158213139
2.785     1.39332163334
2.79     1.39506137371
2.795     1.39680111408
2.8     1.39854085445
2.805     1.40028059483
2.81     1.40202021599
2.815     1.40375995636
2.82     1.40549969673
2.825     1.4072394371
2.83     1.40897905827
2.835     1.41071856022
2.84     1.41245830059
2.845     1.41419792175
2.85     1.41593754292
2.855     1.41767704487
2.86     1.41941654682
2.865     1.42115604877
2.87     1.42289555073
2.875     1.42463493347
2.88     1.42637431622
2.885     1.42811357975
2.89     1.42985284328
2.895     1.43159210682
2.9     1.43333137035
2.905     1.43507027626
2.91     1.43680930138
2.915     1.43854832649
2.92     1.4402872324
2.925     1.44202613831
2.93     1.44376468658
2.935     1.44550335407
2.94     1.44724202156
2.945     1.44898045063
2.95     1.4507188797
2.955     1.45245707035
2.96     1.454195261
2.965     1.45593333244
2.97     1.45767140388
2.975     1.4594091177
2.98     1.46114683151
2.985     1.46288442612
2.99     1.46462190151
2.995     1.46635937691
